name,offset,gt_stem_px,skel_gt_px,stem_cc_gt,valid_px,inter_background,union_background,inter_head,union_head,inter_stem,union_stem,inter_leaf,union_leaf,pred_stem_px,skel_pred_px,stem_cc_pred
UQ_new_01e450c12030987c6575c6ff23a6200edb7893d4.png,-2.0,719,76,3,262144,148899,165340,0,0,0,721,96088,113240,2,2,1
UQ_new_01e450c12030987c6575c6ff23a6200edb7893d4.png,-1.5,719,76,3,262144,148899,165340,0,0,0,729,96080,113240,10,7,2
UQ_new_01e450c12030987c6575c6ff23a6200edb7893d4.png,-1.0,719,76,3,262144,148899,165340,0,0,0,753,96056,113240,34,13,2
UQ_new_01e450c12030987c6575c6ff23a6200edb7893d4.png,-0.5,719,76,3,262144,148899,165340,0,0,0,844,95967,113238,125,23,3
UQ_new_01e450c12030987c6575c6ff23a6200edb7893d4.png,0.0,719,76,3,262144,148899,165340,0,0,0,920,95892,113237,201,26,3
UQ_new_01e450c12030987c6575c6ff23a6200edb7893d4.png,0.5,719,76,3,262144,148899,165340,0,0,0,1013,95805,113231,294,29,3
UQ_new_01e450c12030987c6575c6ff23a6200edb7893d4.png,1.0,719,76,3,262144,148898,165340,0,0,0,1116,95709,113225,397,47,3
UQ_new_01e450c12030987c6575c6ff23a6200edb7893d4.png,1.5,719,76,3,262144,148898,165339,0,0,2,1237,95602,113210,520,44,3
UQ_new_01e450c12030987c6575c6ff23a6200edb7893d4.png,2.0,719,76,3,262144,148895,165335,0,0,6,1363,95512,113177,650,56,3
UQ_new_01e450c12030987c6575c6ff23a6200edb7893d4.png,2.5,719,76,3,262144,148892,165329,0,0,13,1484,95422,113148,778,57,3
UQ_new_01e450c12030987c6575c6ff23a6200edb7893d4.png,3.0,719,76,3,262144,148886,165326,0,0,26,1633,95305,113112,940,78,4
UQ_new_01e450c12030987c6575c6ff23a6200edb7893d4.png,3.5,719,76,3,262144,148877,165323,0,0,42,1848,95142,113056,1171,127,5
UQ_new_01e450c12030987c6575c6ff23a6200edb7893d4.png,4.0,719,76,3,262144,148849,165321,0,0,79,2101,94984,112954,1461,162,9
UQ_new_01e450c12030987c6575c6ff23a6200edb7893d4.png,4.5,719,76,3,262144,148804,165314,0,0,133,2452,94779,112806,1866,220,10
UQ_new_01e450c12030987c6575c6ff23a6200edb7893d4.png,5.0,719,76,3,262144,148739,165303,0,0,188,2986,94407,112665,2455,306,18
UQ_new_01e450c12030987c6575c6ff23a6200edb7893d4.png,5.5,719,76,3,262144,148643,165285,0,0,245,3991,93679,112445,3517,520,36
UQ_new_01e450c12030987c6575c6ff23a6200edb7893d4.png,6.0,719,76,3,262144,148483,165256,0,0,355,5700,92453,112041,5336,807,40
UQ_new_01e450c12030987c6575c6ff23a6200edb7893d4.png,6.5,719,76,3,262144,148200,165190,0,0,442,8020,90835,111601,7743,1208,62
UQ_new_01e450c12030987c6575c6ff23a6200edb7893d4.png,7.0,719,76,3,262144,147795,165093,0,0,513,11084,88685,111118,10878,1767,81
UQ_new_01e450c12030987c6575c6ff23a6200edb7893d4.png,7.5,719,76,3,262144,147202,164925,0,0,531,15048,85891,110691,14860,2371,99
UQ_new_01e450c12030987c6575c6ff23a6200edb7893d4.png,8.0,719,76,3,262144,146406,164664,0,0,534,20186,82290,110208,20001,3229,156
UQ_new_03aa76b65d01a3b27a0d05ce1048490f784f062d.png,-2.0,0,0,0,262144,8458,44201,0,8,0,111,217824,253686,111,31,2
UQ_new_03aa76b65d01a3b27a0d05ce1048490f784f062d.png,-1.5,0,0,0,262144,8458,44201,0,8,0,183,217752,253686,183,40,3
UQ_new_03aa76b65d01a3b27a0d05ce1048490f784f062d.png,-1.0,0,0,0,262144,8458,44201,0,8,0,299,217636,253686,299,49,3
UQ_new_03aa76b65d01a3b27a0d05ce1048490f784f062d.png,-0.5,0,0,0,262144,8458,44201,0,8,0,420,217515,253686,420,64,3
UQ_new_03aa76b65d01a3b27a0d05ce1048490f784f062d.png,0.0,0,0,0,262144,8458,44201,0,8,0,591,217344,253686,591,80,4
UQ_new_03aa76b65d01a3b27a0d05ce1048490f784f062d.png,0.5,0,0,0,262144,8458,44201,0,8,0,863,217118,253640,863,112,5
UQ_new_03aa76b65d01a3b27a0d05ce1048490f784f062d.png,1.0,0,0,0,262144,8458,44201,0,8,0,1191,216840,253590,1191,121,4
UQ_new_03aa76b65d01a3b27a0d05ce1048490f784f062d.png,1.5,0,0,0,262144,8458,44201,0,8,0,1601,216509,253511,1601,148,4
UQ_new_03aa76b65d01a3b27a0d05ce1048490f784f062d.png,2.0,0,0,0,262144,8458,44201,0,8,0,2020,216187,253414,2020,173,4
UQ_new_03aa76b65d01a3b27a0d05ce1048490f784f062d.png,2.5,0,0,0,262144,8455,44201,0,8,0,2444,215866,253314,2444,187,5
UQ_new_03aa76b65d01a3b27a0d05ce1048490f784f062d.png,3.0,0,0,0,262144,8451,44201,0,8,0,2891,215521,253216,2891,210,4
UQ_new_03aa76b65d01a3b27a0d05ce1048490f784f062d.png,3.5,0,0,0,262144,8442,44196,0,8,0,3429,215109,253104,3429,261,9
UQ_new_03aa76b65d01a3b27a0d05ce1048490f784f062d.png,4.0,0,0,0,262144,8438,44185,0,8,0,4448,214293,252916,4448,418,16
UQ_new_03aa76b65d01a3b27a0d05ce1048490f784f062d.png,4.5,0,0,0,262144,8423,44167,0,8,0,6132,212984,252574,6132,530,25
UQ_new_03aa76b65d01a3b27a0d05ce1048490f784f062d.png,5.0,0,0,0,262144,8404,44147,0,8,0,8222,211395,252112,8222,676,26
UQ_new_03aa76b65d01a3b27a0d05ce1048490f784f062d.png,5.5,0,0,0,262144,8340,44115,0,8,0,11074,209387,251364,11074,978,37
UQ_new_03aa76b65d01a3b27a0d05ce1048490f784f062d.png,6.0,0,0,0,262144,8195,44088,0,8,0,15077,206649,250271,15077,1372,64
UQ_new_03aa76b65d01a3b27a0d05ce1048490f784f062d.png,6.5,0,0,0,262144,7951,44057,0,8,0,21447,202483,248342,21447,2223,110
UQ_new_03aa76b65d01a3b27a0d05ce1048490f784f062d.png,7.0,0,0,0,262144,7463,44012,0,8,0,32838,195695,244272,32838,3841,161
UQ_new_03aa76b65d01a3b27a0d05ce1048490f784f062d.png,7.5,0,0,0,262144,6801,43962,0,8,0,49830,184794,238893,49830,5751,189
UQ_new_03aa76b65d01a3b27a0d05ce1048490f784f062d.png,8.0,0,0,0,262144,5830,43892,0,8,0,72140,169230,233188,72140,8062,191
UQ_new_04ab812fa5645d0ec65a5b893dd55cc689dc525e.png,-2.0,0,0,0,262144,194454,206993,0,0,0,30,55151,67660,30,14,2
UQ_new_04ab812fa5645d0ec65a5b893dd55cc689dc525e.png,-1.5,0,0,0,262144,194425,206993,0,0,0,59,55151,67660,59,22,2
UQ_new_04ab812fa5645d0ec65a5b893dd55cc689dc525e.png,-1.0,0,0,0,262144,194391,206993,0,0,0,95,55151,67658,95,32,3
UQ_new_04ab812fa5645d0ec65a5b893dd55cc689dc525e.png,-0.5,0,0,0,262144,194358,206993,0,0,0,132,55151,67654,132,44,4
UQ_new_04ab812fa5645d0ec65a5b893dd55cc689dc525e.png,0.0,0,0,0,262144,194310,206993,0,0,0,185,55151,67649,185,61,4
UQ_new_04ab812fa5645d0ec65a5b893dd55cc689dc525e.png,0.5,0,0,0,262144,194239,206993,0,0,0,259,55151,67646,259,68,5
UQ_new_04ab812fa5645d0ec65a5b893dd55cc689dc525e.png,1.0,0,0,0,262144,194160,206993,0,0,0,341,55151,67643,341,85,6
UQ_new_04ab812fa5645d0ec65a5b893dd55cc689dc525e.png,1.5,0,0,0,262144,194074,206993,0,0,0,437,55151,67633,437,106,8
UQ_new_04ab812fa5645d0ec65a5b893dd55cc689dc525e.png,2.0,0,0,0,262144,193925,206993,0,0,0,598,55151,67621,598,127,6
UQ_new_04ab812fa5645d0ec65a5b893dd55cc689dc525e.png,2.5,0,0,0,262144,193776,206993,0,0,0,764,55145,67610,764,148,7
UQ_new_04ab812fa5645d0ec65a5b893dd55cc689dc525e.png,3.0,0,0,0,262144,193651,206989,0,0,0,912,55134,67602,912,163,7
UQ_new_04ab812fa5645d0ec65a5b893dd55cc689dc525e.png,3.5,0,0,0,262144,193520,206983,0,0,0,1098,55099,67588,1098,183,8
UQ_new_04ab812fa5645d0ec65a5b893dd55cc689dc525e.png,4.0,0,0,0,262144,193346,206977,0,0,0,1360,55038,67567,1360,207,7
UQ_new_04ab812fa5645d0ec65a5b893dd55cc689dc525e.png,4.5,0,0,0,262144,193181,206972,0,0,0,1602,54982,67551,1602,234,8
UQ_new_04ab812fa5645d0ec65a5b893dd55cc689dc525e.png,5.0,0,0,0,262144,192989,206966,0,0,0,1892,54895,67546,1892,270,14
UQ_new_04ab812fa5645d0ec65a5b893dd55cc689dc525e.png,5.5,0,0,0,262144,192657,206947,0,0,0,2438,54730,67516,2438,353,24
UQ_new_04ab812fa5645d0ec65a5b893dd55cc689dc525e.png,6.0,0,0,0,262144,192200,206918,0,0,0,3327,54411,67432,3327,533,37
UQ_new_04ab812fa5645d0ec65a5b893dd55cc689dc525e.png,6.5,0,0,0,262144,191463,206857,0,0,0,4747,53938,67283,4747,820,62
UQ_new_04ab812fa5645d0ec65a5b893dd55cc689dc525e.png,7.0,0,0,0,262144,190478,206753,0,0,0,6933,53057,67067,6933,1261,72
UQ_new_04ab812fa5645d0ec65a5b893dd55cc689dc525e.png,7.5,0,0,0,262144,189216,206551,0,0,0,10156,51766,66599,10156,1910,126
UQ_new_04ab812fa5645d0ec65a5b893dd55cc689dc525e.png,8.0,0,0,0,262144,187259,206239,0,0,0,15365,49573,65852,15365,2930,167
UQ_new_07fcdb7a459f1bbe8e4525123f27c4f3ee3648e1.png,-2.0,0,0,0,262144,36677,53602,0,0,0,0,208542,225467,0,0,0
UQ_new_07fcdb7a459f1bbe8e4525123f27c4f3ee3648e1.png,-1.5,0,0,0,262144,36677,53602,0,0,0,0,208542,225467,0,0,0
UQ_new_07fcdb7a459f1bbe8e4525123f27c4f3ee3648e1.png,-1.0,0,0,0,262144,36677,53602,0,0,0,0,208542,225467,0,0,0
UQ_new_07fcdb7a459f1bbe8e4525123f27c4f3ee3648e1.png,-0.5,0,0,0,262144,36677,53602,0,0,0,0,208542,225467,0,0,0
UQ_new_07fcdb7a459f1bbe8e4525123f27c4f3ee3648e1.png,0.0,0,0,0,262144,36677,53602,0,0,0,0,208542,225467,0,0,0
UQ_new_07fcdb7a459f1bbe8e4525123f27c4f3ee3648e1.png,0.5,0,0,0,262144,36677,53602,0,0,0,0,208542,225467,0,0,0
UQ_new_07fcdb7a459f1bbe8e4525123f27c4f3ee3648e1.png,1.0,0,0,0,262144,36677,53602,0,0,0,0,208542,225467,0,0,0
UQ_new_07fcdb7a459f1bbe8e4525123f27c4f3ee3648e1.png,1.5,0,0,0,262144,36677,53602,0,0,0,0,208542,225467,0,0,0
UQ_new_07fcdb7a459f1bbe8e4525123f27c4f3ee3648e1.png,2.0,0,0,0,262144,36677,53602,0,0,0,0,208542,225467,0,0,0
UQ_new_07fcdb7a459f1bbe8e4525123f27c4f3ee3648e1.png,2.5,0,0,0,262144,36677,53602,0,0,0,0,208542,225467,0,0,0
UQ_new_07fcdb7a459f1bbe8e4525123f27c4f3ee3648e1.png,3.0,0,0,0,262144,36676,53602,0,0,0,38,208506,225466,38,19,3
UQ_new_07fcdb7a459f1bbe8e4525123f27c4f3ee3648e1.png,3.5,0,0,0,262144,36669,53602,0,0,0,167,208390,225460,167,38,5
UQ_new_07fcdb7a459f1bbe8e4525123f27c4f3ee3648e1.png,4.0,0,0,0,262144,36659,53602,0,0,0,782,208065,225180,782,158,18
UQ_new_07fcdb7a459f1bbe8e4525123f27c4f3ee3648e1.png,4.5,0,0,0,262144,36593,53594,0,0,0,2231,207210,224660,2231,351,25
UQ_new_07fcdb7a459f1bbe8e4525123f27c4f3ee3648e1.png,5.0,0,0,0,262144,36332,53580,0,0,0,4618,205846,223912,4618,636,36
UQ_new_07fcdb7a459f1bbe8e4525123f27c4f3ee3648e1.png,5.5,0,0,0,262144,35689,53540,0,0,0,8573,203634,222852,8573,1289,75
UQ_new_07fcdb7a459f1bbe8e4525123f27c4f3ee3648e1.png,6.0,0,0,0,262144,34496,53471,0,0,0,15436,199738,221147,15436,2217,137
UQ_new_07fcdb7a459f1bbe8e4525123f27c4f3ee3648e1.png,6.5,0,0,0,262144,32064,53318,0,0,0,26932,193310,218664,26932,3935,201
UQ_new_07fcdb7a459f1bbe8e4525123f27c4f3ee3648e1.png,7.0,0,0,0,262144,28318,53081,0,0,0,45158,181431,216300,45158,6379,230
UQ_new_07fcdb7a459f1bbe8e4525123f27c4f3ee3648e1.png,7.5,0,0,0,262144,23528,52788,0,0,0,70250,163481,214241,70250,9128,184
UQ_new_07fcdb7a459f1bbe8e4525123f27c4f3ee3648e1.png,8.0,0,0,0,262144,18305,52478,0,0,0,99778,141058,212669,99778,11422,151
UQ_new_08ed4d3c26c030d6377e67972a31bc5c26cbf536.png,-2.0,7102,732,16,262144,7546,26368,15198,34809,1864,7404,194865,236234,2166,194,5
UQ_new_08ed4d3c26c030d6377e67972a31bc5c26cbf536.png,-1.5,7102,732,16,262144,7545,26367,15193,34809,1989,7547,194785,236053,2434,210,5
UQ_new_08ed4d3c26c030d6377e67972a31bc5c26cbf536.png,-1.0,7102,732,16,262144,7545,26367,15191,34809,2111,7709,194688,235868,2718,217,5
UQ_new_08ed4d3c26c030d6377e67972a31bc5c26cbf536.png,-0.5,7102,732,16,262144,7545,26366,15185,34809,2219,7887,194571,235706,3004,240,7
UQ_new_08ed4d3c26c030d6377e67972a31bc5c26cbf536.png,0.0,7102,732,16,262144,7545,26366,15183,34809,2365,8137,194440,235443,3400,278,9
UQ_new_08ed4d3c26c030d6377e67972a31bc5c26cbf536.png,0.5,7102,732,16,262144,7544,26366,15172,34809,2512,8535,194210,235140,3945,319,10
UQ_new_08ed4d3c26c030d6377e67972a31bc5c26cbf536.png,1.0,7102,732,16,262144,7543,26365,15162,34809,2669,8975,193974,234791,4542,384,13
UQ_new_08ed4d3c26c030d6377e67972a31bc5c26cbf536.png,1.5,7102,732,16,262144,7540,26365,15149,34809,2836,9703,193677,234209,5437,466,12
UQ_new_08ed4d3c26c030d6377e67972a31bc5c26cbf536.png,2.0,7102,732,16,262144,7539,26365,15132,34807,3011,10634,193256,233544,6543,544,14
UQ_new_08ed4d3c26c030d6377e67972a31bc5c26cbf536.png,2.5,7102,732,16,262144,7537,26364,15111,34802,3175,11849,192542,232908,7922,663,15
UQ_new_08ed4d3c26c030d6377e67972a31bc5c26cbf536.png,3.0,7102,732,16,262144,7536,26362,15081,34787,3315,13402,191583,232222,9615,760,21
UQ_new_08ed4d3c26c030d6377e67972a31bc5c26cbf536.png,3.5,7102,732,16,262144,7535,26349,15048,34762,3556,15130,190402,231506,11584,874,19
UQ_new_08ed4d3c26c030d6377e67972a31bc5c26cbf536.png,4.0,7102,732,16,262144,7528,26347,15010,34731,3825,17033,189106,230708,13756,961,20
UQ_new_08ed4d3c26c030d6377e67972a31bc5c26cbf536.png,4.5,7102,732,16,262144,7513,26324,14943,34688,4097,19691,187273,229759,16686,1179,36
UQ_new_08ed4d3c26c030d6377e67972a31bc5c26cbf536.png,5.0,7102,732,16,262144,7491,26254,14846,34643,4373,23624,184388,228669,20895,1640,52
UQ_new_08ed4d3c26c030d6377e67972a31bc5c26cbf536.png,5.5,7102,732,16,262144,7417,26031,14678,34526,4621,30416,179457,227142,27935,2518,88
UQ_new_08ed4d3c26c030d6377e67972a31bc5c26cbf536.png,6.0,7102,732,16,262144,7216,25430,14357,34390,4954,40895,172391,224655,38747,3770,134
UQ_new_08ed4d3c26c030d6377e67972a31bc5c26cbf536.png,6.5,7102,732,16,262144,6881,24229,13926,34128,5345,56923,161503,221353,55166,5418,153
UQ_new_08ed4d3c26c030d6377e67972a31bc5c26cbf536.png,7.0,7102,732,16,262144,6403,22894,13413,33791,5807,78669,145882,217429,77374,7441,151
UQ_new_08ed4d3c26c030d6377e67972a31bc5c26cbf536.png,7.5,7102,732,16,262144,5755,21955,12756,33435,6360,106036,125004,212987,105294,9644,129
UQ_new_08ed4d3c26c030d6377e67972a31bc5c26cbf536.png,8.0,7102,732,16,262144,4934,21502,11927,33141,6728,137275,99275,209506,136901,11209,91
UQ_new_09ad200a35340566fd65aa7cc175728a04406833.png,-2.0,7793,672,7,262144,4264,13472,35147,49789,3934,8630,190647,218405,4771,516,10
UQ_new_09ad200a35340566fd65aa7cc175728a04406833.png,-1.5,7793,672,7,262144,4264,13472,35147,49785,4324,8957,190339,218000,5488,551,10
UQ_new_09ad200a35340566fd65aa7cc175728a04406833.png,-1.0,7793,672,7,262144,4264,13472,35147,49781,4679,9300,190018,217627,6186,574,9
UQ_new_09ad200a35340566fd65aa7cc175728a04406833.png,-0.5,7793,672,7,262144,4264,13470,35147,49776,4987,9753,189593,217298,6947,612,9
UQ_new_09ad200a35340566fd65aa7cc175728a04406833.png,0.0,7793,672,7,262144,4264,13465,35146,49769,5267,10273,189106,216998,7747,658,7
UQ_new_09ad200a35340566fd65aa7cc175728a04406833.png,0.5,7793,672,7,262144,4262,13463,35139,49764,5522,10829,188630,216679,8558,695,7
UQ_new_09ad200a35340566fd65aa7cc175728a04406833.png,1.0,7793,672,7,262144,4255,13458,35123,49755,5762,11416,188131,216388,9385,716,7
UQ_new_09ad200a35340566fd65aa7cc175728a04406833.png,1.5,7793,672,7,262144,4255,13452,35103,49744,6010,12032,187574,216118,10249,728,8
UQ_new_09ad200a35340566fd65aa7cc175728a04406833.png,2.0,7793,672,7,262144,4253,13449,35071,49734,6214,12786,186921,215860,11207,799,11
UQ_new_09ad200a35340566fd65aa7cc175728a04406833.png,2.5,7793,672,7,262144,4251,13430,35023,49722,6417,13728,186135,215582,12352,832,10
UQ_new_09ad200a35340566fd65aa7cc175728a04406833.png,3.0,7793,672,7,262144,4238,13423,34976,49707,6547,15021,185056,215320,13775,954,15
UQ_new_09ad200a35340566fd65aa7cc175728a04406833.png,3.5,7793,672,7,262144,4226,13414,34906,49687,6700,16739,183626,214990,15646,1101,20
UQ_new_09ad200a35340566fd65aa7cc175728a04406833.png,4.0,7793,672,7,262144,4218,13404,34817,49655,6836,19037,181807,214514,18080,1292,22
UQ_new_09ad200a35340566fd65aa7cc175728a04406833.png,4.5,7793,672,7,262144,4191,13374,34685,49616,6945,21787,179719,213971,20939,1452,22
UQ_new_09ad200a35340566fd65aa7cc175728a04406833.png,5.0,7793,672,7,262144,4130,13334,34517,49552,7073,25220,177112,213350,24500,1706,35
UQ_new_09ad200a35340566fd65aa7cc175728a04406833.png,5.5,7793,672,7,262144,4066,13292,34245,49467,7211,29991,173536,212480,29409,2144,45
UQ_new_09ad200a35340566fd65aa7cc175728a04406833.png,6.0,7793,672,7,262144,3986,13146,33935,49287,7279,37172,168063,211420,36658,2993,80
UQ_new_09ad200a35340566fd65aa7cc175728a04406833.png,6.5,7793,672,7,262144,3872,12746,33417,48943,7335,47785,160524,209666,47327,4159,98
UQ_new_09ad200a35340566fd65aa7cc175728a04406833.png,7.0,7793,672,7,262144,3678,12416,32447,48380,7398,61767,151163,207039,61372,5551,116
UQ_new_09ad200a35340566fd65aa7cc175728a04406833.png,7.5,7793,672,7,262144,3415,12035,31099,47593,7452,80560,137517,204617,80219,7254,109
UQ_new_09ad200a35340566fd65aa7cc175728a04406833.png,8.0,7793,672,7,262144,3063,11596,29509,46820,7517,104604,118762,202417,104328,9057,87
UQ_new_0b030652d71142b726dea3f0af8ea262db6a6d2b.png,-2.0,9023,986,23,262144,5164,14568,28770,41779,803,9103,196969,227132,883,127,7
UQ_new_0b030652d71142b726dea3f0af8ea262db6a6d2b.png,-1.5,9023,986,23,262144,5164,14568,28769,41771,937,9158,196919,227002,1072,142,9
UQ_new_0b030652d71142b726dea3f0af8ea262db6a6d2b.png,-1.0,9023,986,23,262144,5164,14566,28764,41766,1084,9243,196842,226859,1304,166,8
UQ_new_0b030652d71142b726dea3f0af8ea262db6a6d2b.png,-0.5,9023,986,23,262144,5164,14562,28757,41761,1225,9350,196751,226718,1552,183,8
UQ_new_0b030652d71142b726dea3f0af8ea262db6a6d2b.png,0.0,9023,986,23,262144,5163,14559,28747,41754,1402,9495,196634,226534,1874,188,11
UQ_new_0b030652d71142b726dea3f0af8ea262db6a6d2b.png,0.5,9023,986,23,262144,5160,14556,28736,41750,1585,9660,196503,226338,2222,210,11
UQ_new_0b030652d71142b726dea3f0af8ea262db6a6d2b.png,1.0,9023,986,23,262144,5156,14553,28717,41745,1848,9874,196332,226063,2699,254,15
UQ_new_0b030652d71142b726dea3f0af8ea262db6a6d2b.png,1.5,9023,986,23,262144,5152,14548,28703,41737,2158,10157,196101,225732,3292,315,15
UQ_new_0b030652d71142b726dea3f0af8ea262db6a6d2b.png,2.0,9023,986,23,262144,5144,14537,28681,41725,2543,10589,195762,225307,4109,434,24
UQ_new_0b030652d71142b726dea3f0af8ea262db6a6d2b.png,2.5,9023,986,23,262144,5130,14523,28645,41713,2982,11457,195028,224810,5416,542,27
UQ_new_0b030652d71142b726dea3f0af8ea262db6a6d2b.png,3.0,9023,986,23,262144,5113,14502,28608,41678,3479,12587,194074,224247,7043,703,34
UQ_new_0b030652d71142b726dea3f0af8ea262db6a6d2b.png,3.5,9023,986,23,262144,5100,14477,28548,41600,3957,14269,192650,223687,9203,885,38
UQ_new_0b030652d71142b726dea3f0af8ea262db6a6d2b.png,4.0,9023,986,23,262144,5075,14438,28468,41535,4460,16694,190542,223076,12131,1149,37
UQ_new_0b030652d71142b726dea3f0af8ea262db6a6d2b.png,4.5,9023,986,23,262144,5055,14377,28336,41443,4960,19990,187716,222411,15927,1408,55
UQ_new_0b030652d71142b726dea3f0af8ea262db6a6d2b.png,5.0,9023,986,23,262144,5026,14114,28114,41306,5394,24777,183894,221663,21148,1966,58
UQ_new_0b030652d71142b726dea3f0af8ea262db6a6d2b.png,5.5,9023,986,23,262144,4963,13550,27727,41044,5760,31734,178682,220828,28471,2837,78
UQ_new_0b030652d71142b726dea3f0af8ea262db6a6d2b.png,6.0,9023,986,23,262144,4823,12627,27203,40631,6153,41271,171754,219826,38401,3870,85
UQ_new_0b030652d71142b726dea3f0af8ea262db6a6d2b.png,6.5,9023,986,23,262144,4654,11852,26513,40051,6586,54042,162014,218576,51605,5166,122
UQ_new_0b030652d71142b726dea3f0af8ea262db6a6d2b.png,7.0,9023,986,23,262144,4470,11242,25543,39339,7149,71291,148253,217001,69417,6739,94
UQ_new_0b030652d71142b726dea3f0af8ea262db6a6d2b.png,7.5,9023,986,23,262144,4199,10787,24162,38489,7849,92155,131692,214955,90981,8440,104
UQ_new_0b030652d71142b726dea3f0af8ea262db6a6d2b.png,8.0,9023,986,23,262144,3915,10437,22213,37562,8292,116039,112398,213432,115308,9650,83
UQ_new_0b381714aa61ab300d35b2937acac76b0b826ca4.png,-2.0,17808,1798,28,262144,3928,24401,45938,68241,906,17923,154953,207998,1021,135,7
UQ_new_0b381714aa61ab300d35b2937acac76b0b826ca4.png,-1.5,17808,1798,28,262144,3928,24392,45938,68241,1211,17974,154909,207695,1377,187,13
UQ_new_0b381714aa61ab300d35b2937acac76b0b826ca4.png,-1.0,17808,1798,28,262144,3928,24384,45938,68241,1647,18050,154842,207258,1889,245,10
UQ_new_0b381714aa61ab300d35b2937acac76b0b826ca4.png,-0.5,17808,1798,28,262144,3928,24370,45938,68241,2068,18179,154730,206834,2439,289,11
UQ_new_0b381714aa61ab300d35b2937acac76b0b826ca4.png,0.0,17808,1798,28,262144,3927,24353,45937,68241,2432,18425,154507,206466,3049,313,14
UQ_new_0b381714aa61ab300d35b2937acac76b0b826ca4.png,0.5,17808,1798,28,262144,3923,24331,45937,68241,2858,18804,154165,206029,3854,375,16
UQ_new_0b381714aa61ab300d35b2937acac76b0b826ca4.png,1.0,17808,1798,28,262144,3922,24265,45935,68237,3327,19387,153657,205558,4906,446,16
UQ_new_0b381714aa61ab300d35b2937acac76b0b826ca4.png,1.5,17808,1798,28,262144,3918,24200,45933,68225,3676,20204,152931,205201,6072,538,15
UQ_new_0b381714aa61ab300d35b2937acac76b0b826ca4.png,2.0,17808,1798,28,262144,3912,24101,45926,68207,4072,21252,152019,204799,7516,657,19
UQ_new_0b381714aa61ab300d35b2937acac76b0b826ca4.png,2.5,17808,1798,28,262144,3901,23880,45916,68168,4449,22703,150858,204413,9344,788,26
UQ_new_0b381714aa61ab300d35b2937acac76b0b826ca4.png,3.0,17808,1798,28,262144,3887,23646,45896,68124,4925,24503,149417,203890,11620,999,40
UQ_new_0b381714aa61ab300d35b2937acac76b0b826ca4.png,3.5,17808,1798,28,262144,3863,23462,45863,68050,5554,27016,147325,203155,14762,1337,53
UQ_new_0b381714aa61ab300d35b2937acac76b0b826ca4.png,4.0,17808,1798,28,262144,3829,23194,45806,67913,6296,30452,144552,202246,18940,1726,50
UQ_new_0b381714aa61ab300d35b2937acac76b0b826ca4.png,4.5,17808,1798,28,262144,3803,22877,45688,67701,7049,34859,141134,201177,24100,2075,67
UQ_new_0b381714aa61ab300d35b2937acac76b0b826ca4.png,5.0,17808,1798,28,262144,3733,22289,45446,67369,7911,41415,136309,199816,31518,3052,89
UQ_new_0b381714aa61ab300d35b2937acac76b0b826ca4.png,5.5,17808,1798,28,262144,3551,21549,45033,66811,9025,50696,129577,198046,41913,4212,107
UQ_new_0b381714aa61ab300d35b2937acac76b0b826ca4.png,6.0,17808,1798,28,262144,3315,20213,44211,65950,10168,63669,120943,195819,56029,5802,140
UQ_new_0b381714aa61ab300d35b2937acac76b0b826ca4.png,6.5,17808,1798,28,262144,3025,18414,43006,64798,11351,80940,109134,193620,74483,7515,164
UQ_new_0b381714aa61ab300d35b2937acac76b0b826ca4.png,7.0,17808,1798,28,262144,2711,16132,41251,63331,12541,102218,94472,191632,96951,9073,106
UQ_new_0b381714aa61ab300d35b2937acac76b0b826ca4.png,7.5,17808,1798,28,262144,2362,13501,39064,61688,13643,125709,78528,189793,121544,10713,72
UQ_new_0b381714aa61ab300d35b2937acac76b0b826ca4.png,8.0,17808,1798,28,262144,1997,10969,36576,60055,14693,149488,62164,188346,146373,11947,55
UQ_new_0bbe480d40d71d51cc3e22acf98df8839ca27cbf.png,-2.0,0,0,0,262144,7689,31618,0,0,0,0,230526,254455,0,0,0
UQ_new_0bbe480d40d71d51cc3e22acf98df8839ca27cbf.png,-1.5,0,0,0,262144,7689,31618,0,0,0,0,230526,254455,0,0,0
UQ_new_0bbe480d40d71d51cc3e22acf98df8839ca27cbf.png,-1.0,0,0,0,262144,7689,31618,0,0,0,0,230526,254455,0,0,0
UQ_new_0bbe480d40d71d51cc3e22acf98df8839ca27cbf.png,-0.5,0,0,0,262144,7689,31618,0,0,0,0,230526,254455,0,0,0
UQ_new_0bbe480d40d71d51cc3e22acf98df8839ca27cbf.png,0.0,0,0,0,262144,7689,31618,0,0,0,0,230526,254455,0,0,0
UQ_new_0bbe480d40d71d51cc3e22acf98df8839ca27cbf.png,0.5,0,0,0,262144,7689,31618,0,0,0,0,230526,254455,0,0,0
UQ_new_0bbe480d40d71d51cc3e22acf98df8839ca27cbf.png,1.0,0,0,0,262144,7689,31618,0,0,0,0,230526,254455,0,0,0
UQ_new_0bbe480d40d71d51cc3e22acf98df8839ca27cbf.png,1.5,0,0,0,262144,7689,31618,0,0,0,0,230526,254455,0,0,0
UQ_new_0bbe480d40d71d51cc3e22acf98df8839ca27cbf.png,2.0,0,0,0,262144,7689,31618,0,0,0,101,230425,254455,101,26,3
UQ_new_0bbe480d40d71d51cc3e22acf98df8839ca27cbf.png,2.5,0,0,0,262144,7689,31618,0,0,0,256,230277,254448,256,35,3
UQ_new_0bbe480d40d71d51cc3e22acf98df8839ca27cbf.png,3.0,0,0,0,262144,7689,31618,0,0,0,453,230098,254430,453,60,5
UQ_new_0bbe480d40d71d51cc3e22acf98df8839ca27cbf.png,3.5,0,0,0,262144,7689,31618,0,0,0,844,229777,254360,844,119,3
UQ_new_0bbe480d40d71d51cc3e22acf98df8839ca27cbf.png,4.0,0,0,0,262144,7689,31618,0,0,0,1237,229483,254261,1237,140,5
UQ_new_0bbe480d40d71d51cc3e22acf98df8839ca27cbf.png,4.5,0,0,0,262144,7687,31618,0,0,0,1851,228994,254138,1851,204,13
UQ_new_0bbe480d40d71d51cc3e22acf98df8839ca27cbf.png,5.0,0,0,0,262144,7669,31613,0,0,0,2766,228375,253865,2766,312,18
UQ_new_0bbe480d40d71d51cc3e22acf98df8839ca27cbf.png,5.5,0,0,0,262144,7601,31600,0,0,0,4354,227302,253431,4354,530,28
UQ_new_0bbe480d40d71d51cc3e22acf98df8839ca27cbf.png,6.0,0,0,0,262144,7398,31583,0,0,0,6759,225793,252755,6759,850,55
UQ_new_0bbe480d40d71d51cc3e22acf98df8839ca27cbf.png,6.5,0,0,0,262144,7004,31558,0,0,0,10832,223445,251449,10832,1456,81
UQ_new_0bbe480d40d71d51cc3e22acf98df8839ca27cbf.png,7.0,0,0,0,262144,6378,31527,0,0,0,17488,219575,249320,17488,2444,117
UQ_new_0bbe480d40d71d51cc3e22acf98df8839ca27cbf.png,7.5,0,0,0,262144,5532,31437,0,0,0,26958,213648,246713,26958,3769,152
UQ_new_0bbe480d40d71d51cc3e22acf98df8839ca27cbf.png,8.0,0,0,0,262144,4522,31298,0,0,0,40165,204526,243777,40165,5413,167
UQ_new_0c4462b40a71cfaad30a22bc31724ed219aac69b.png,-2.0,0,0,0,262144,197377,224360,0,289,0,2306,37784,62172,2306,189,3
UQ_new_0c4462b40a71cfaad30a22bc31724ed219aac69b.png,-1.5,0,0,0,262144,197247,224360,0,289,0,2582,37784,62026,2582,196,3
UQ_new_0c4462b40a71cfaad30a22bc31724ed219aac69b.png,-1.0,0,0,0,262144,197102,224360,0,289,0,2849,37784,61904,2849,204,4
UQ_new_0c4462b40a71cfaad30a22bc31724ed219aac69b.png,-0.5,0,0,0,262144,196925,224360,0,289,0,3138,37784,61792,3138,222,2
UQ_new_0c4462b40a71cfaad30a22bc31724ed219aac69b.png,0.0,0,0,0,262144,196772,224360,0,289,0,3442,37784,61641,3442,243,2
UQ_new_0c4462b40a71cfaad30a22bc31724ed219aac69b.png,0.5,0,0,0,262144,196615,224360,0,289,0,3736,37784,61504,3736,249,2
UQ_new_0c4462b40a71cfaad30a22bc31724ed219aac69b.png,1.0,0,0,0,262144,196461,224360,0,289,0,4027,37784,61367,4027,251,2
UQ_new_0c4462b40a71cfaad30a22bc31724ed219aac69b.png,1.5,0,0,0,262144,196291,224360,0,289,0,4356,37784,61208,4356,263,2
UQ_new_0c4462b40a71cfaad30a22bc31724ed219aac69b.png,2.0,0,0,0,262144,196139,224360,0,289,0,4698,37779,61023,4698,266,4
UQ_new_0c4462b40a71cfaad30a22bc31724ed219aac69b.png,2.5,0,0,0,262144,195942,224360,0,289,0,5154,37750,60793,5154,300,3
UQ_new_0c4462b40a71cfaad30a22bc31724ed219aac69b.png,3.0,0,0,0,262144,195763,224360,0,289,0,5645,37705,60526,5645,364,5
UQ_new_0c4462b40a71cfaad30a22bc31724ed219aac69b.png,3.5,0,0,0,262144,195545,224359,0,289,0,6274,37585,60236,6274,380,7
UQ_new_0c4462b40a71cfaad30a22bc31724ed219aac69b.png,4.0,0,0,0,262144,195259,224347,0,289,0,7119,37431,59843,7119,488,10
UQ_new_0c4462b40a71cfaad30a22bc31724ed219aac69b.png,4.5,0,0,0,262144,194828,224333,0,289,0,8231,37251,59356,8231,595,17
UQ_new_0c4462b40a71cfaad30a22bc31724ed219aac69b.png,5.0,0,0,0,262144,194138,224303,0,287,0,9740,36997,58823,9740,774,29
UQ_new_0c4462b40a71cfaad30a22bc31724ed219aac69b.png,5.5,0,0,0,262144,193103,224272,0,274,0,12220,36451,57968,12220,1119,33
UQ_new_0c4462b40a71cfaad30a22bc31724ed219aac69b.png,6.0,0,0,0,262144,191891,224226,0,206,0,15521,35916,56528,15521,1397,43
UQ_new_0c4462b40a71cfaad30a22bc31724ed219aac69b.png,6.5,0,0,0,262144,190159,224169,0,81,0,19617,35254,55008,19617,1836,58
UQ_new_0c4462b40a71cfaad30a22bc31724ed219aac69b.png,7.0,0,0,0,262144,187643,224100,0,0,0,24486,34440,53619,24486,2469,108
UQ_new_0c4462b40a71cfaad30a22bc31724ed219aac69b.png,7.5,0,0,0,262144,183996,223956,0,0,0,31570,33037,51729,31570,3405,155
UQ_new_0c4462b40a71cfaad30a22bc31724ed219aac69b.png,8.0,0,0,0,262144,179244,223628,0,0,0,40869,30793,49754,40869,4714,226
UQ_new_0d3160cb9fcf58f26341f1a1e9d01786a0297b51.png,-2.0,16077,1913,12,262144,74930,90920,23465,28321,414,16136,127969,162133,473,66,3
UQ_new_0d3160cb9fcf58f26341f1a1e9d01786a0297b51.png,-1.5,16077,1913,12,262144,74921,90912,23460,28321,516,16155,127967,162036,594,81,4
UQ_new_0d3160cb9fcf58f26341f1a1e9d01786a0297b51.png,-1.0,16077,1913,12,262144,74913,90904,23460,28321,631,16173,127961,161925,727,102,5
UQ_new_0d3160cb9fcf58f26341f1a1e9d01786a0297b51.png,-0.5,16077,1913,12,262144,74902,90897,23457,28320,866,16215,127942,161689,1004,138,12
UQ_new_0d3160cb9fcf58f26341f1a1e9d01786a0297b51.png,0.0,16077,1913,12,262144,74894,90889,23454,28318,1326,16286,127888,161233,1535,218,14
UQ_new_0d3160cb9fcf58f26341f1a1e9d01786a0297b51.png,0.5,16077,1913,12,262144,74871,90882,23452,28301,1913,16461,127758,160650,2297,310,23
UQ_new_0d3160cb9fcf58f26341f1a1e9d01786a0297b51.png,1.0,16077,1913,12,262144,74843,90857,23449,28289,2497,16852,127449,160052,3272,449,30
UQ_new_0d3160cb9fcf58f26341f1a1e9d01786a0297b51.png,1.5,16077,1913,12,262144,74806,90826,23442,28268,3165,17510,126897,159374,4598,636,41
UQ_new_0d3160cb9fcf58f26341f1a1e9d01786a0297b51.png,2.0,16077,1913,12,262144,74752,90789,23437,28236,3859,18715,125870,158630,6497,835,45
UQ_new_0d3160cb9fcf58f26341f1a1e9d01786a0297b51.png,2.5,16077,1913,12,262144,74684,90706,23423,28210,4481,20598,124249,157937,9002,1060,50
UQ_new_0d3160cb9fcf58f26341f1a1e9d01786a0297b51.png,3.0,16077,1913,12,262144,74586,90626,23401,28140,5189,23548,121739,157059,12660,1506,64
UQ_new_0d3160cb9fcf58f26341f1a1e9d01786a0297b51.png,3.5,16077,1913,12,262144,74407,90462,23367,28025,5960,28132,117946,155989,18015,2091,60
UQ_new_0d3160cb9fcf58f26341f1a1e9d01786a0297b51.png,4.0,16077,1913,12,262144,74154,90127,23299,27905,6693,33508,113727,154875,24124,2732,75
UQ_new_0d3160cb9fcf58f26341f1a1e9d01786a0297b51.png,4.5,16077,1913,12,262144,73863,89759,23220,27744,7523,40003,108594,153582,31449,3369,100
UQ_new_0d3160cb9fcf58f26341f1a1e9d01786a0297b51.png,5.0,16077,1913,12,262144,73428,89350,23044,27582,8559,48315,102143,151867,40797,4449,124
UQ_new_0d3160cb9fcf58f26341f1a1e9d01786a0297b51.png,5.5,16077,1913,12,262144,72894,88864,22797,27369,9799,58793,93933,149839,52515,5718,136
UQ_new_0d3160cb9fcf58f26341f1a1e9d01786a0297b51.png,6.0,16077,1913,12,262144,72159,88205,22399,27124,11133,71275,84303,147690,66331,7107,155
UQ_new_0d3160cb9fcf58f26341f1a1e9d01786a0297b51.png,6.5,16077,1913,12,262144,71180,87453,21833,26804,12466,86663,72355,145534,83052,8953,154
UQ_new_0d3160cb9fcf58f26341f1a1e9d01786a0297b51.png,7.0,16077,1913,12,262144,69846,86607,21117,26447,13645,103093,60039,143494,100661,10301,153
UQ_new_0d3160cb9fcf58f26341f1a1e9d01786a0297b51.png,7.5,16077,1913,12,262144,67909,85736,20166,26062,14708,120755,47327,141625,119386,11693,152
UQ_new_0d3160cb9fcf58f26341f1a1e9d01786a0297b51.png,8.0,16077,1913,12,262144,65196,84793,19132,25740,15308,138514,35132,140473,137745,12799,94
UQ_new_0d7467d41c01e6d557afc9c830aa3bc42ea5acaf.png,-2.0,0,0,0,262144,225870,242781,0,0,0,870,19363,35404,870,90,3
UQ_new_0d7467d41c01e6d557afc9c830aa3bc42ea5acaf.png,-1.5,0,0,0,262144,225775,242781,0,0,0,979,19363,35390,979,106,3
UQ_new_0d7467d41c01e6d557afc9c830aa3bc42ea5acaf.png,-1.0,0,0,0,262144,225645,242781,0,0,0,1127,19363,35372,1127,123,4
UQ_new_0d7467d41c01e6d557afc9c830aa3bc42ea5acaf.png,-0.5,0,0,0,262144,225467,242781,0,0,0,1339,19363,35338,1339,151,2
UQ_new_0d7467d41c01e6d557afc9c830aa3bc42ea5acaf.png,0.0,0,0,0,262144,225321,242773,0,0,0,1559,19350,35285,1559,167,3
UQ_new_0d7467d41c01e6d557afc9c830aa3bc42ea5acaf.png,0.5,0,0,0,262144,225186,242751,0,0,0,1775,19334,35242,1775,188,5
UQ_new_0d7467d41c01e6d557afc9c830aa3bc42ea5acaf.png,1.0,0,0,0,262144,225026,242706,0,0,0,2068,19289,35199,2068,210,5
UQ_new_0d7467d41c01e6d557afc9c830aa3bc42ea5acaf.png,1.5,0,0,0,262144,224843,242646,0,0,0,2433,19234,35132,2433,233,7
UQ_new_0d7467d41c01e6d557afc9c830aa3bc42ea5acaf.png,2.0,0,0,0,262144,224608,242590,0,0,0,2843,19176,35071,2843,285,10
UQ_new_0d7467d41c01e6d557afc9c830aa3bc42ea5acaf.png,2.5,0,0,0,262144,224269,242522,0,0,0,3394,19108,34995,3394,332,12
UQ_new_0d7467d41c01e6d557afc9c830aa3bc42ea5acaf.png,3.0,0,0,0,262144,223933,242453,0,0,0,4008,19023,34871,4008,398,17
UQ_new_0d7467d41c01e6d557afc9c830aa3bc42ea5acaf.png,3.5,0,0,0,262144,223511,242335,0,0,0,5019,18792,34631,5019,554,31
UQ_new_0d7467d41c01e6d557afc9c830aa3bc42ea5acaf.png,4.0,0,0,0,262144,222837,242213,0,0,0,6417,18567,34254,6417,730,34
UQ_new_0d7467d41c01e6d557afc9c830aa3bc42ea5acaf.png,4.5,0,0,0,262144,221921,242062,0,0,0,8339,18260,33706,8339,1055,60
UQ_new_0d7467d41c01e6d557afc9c830aa3bc42ea5acaf.png,5.0,0,0,0,262144,220464,241891,0,0,0,11345,17626,32962,11345,1500,69
UQ_new_0d7467d41c01e6d557afc9c830aa3bc42ea5acaf.png,5.5,0,0,0,262144,218233,241677,0,0,0,15383,16821,32174,15383,2067,89
UQ_new_0d7467d41c01e6d557afc9c830aa3bc42ea5acaf.png,6.0,0,0,0,262144,215211,241431,0,0,0,20713,15882,31051,20713,2822,116
UQ_new_0d7467d41c01e6d557afc9c830aa3bc42ea5acaf.png,6.5,0,0,0,262144,211019,241171,0,0,0,27749,14671,29678,27749,3836,148
UQ_new_0d7467d41c01e6d557afc9c830aa3bc42ea5acaf.png,7.0,0,0,0,262144,205353,240890,0,0,0,36667,13362,28016,36667,4914,161
UQ_new_0d7467d41c01e6d557afc9c830aa3bc42ea5acaf.png,7.5,0,0,0,262144,197513,240621,0,0,0,47734,11779,26641,47734,6203,204
UQ_new_0d7467d41c01e6d557afc9c830aa3bc42ea5acaf.png,8.0,0,0,0,262144,187179,240272,0,0,0,61724,9890,25223,61724,7904,203
UQ_new_0da45844d75450d8d62ec9ee60fc6a059b9e8ed0.png,-2.0,27398,3245,43,262144,19679,43092,39827,52490,3856,28475,139454,197415,4933,890,39
UQ_new_0da45844d75450d8d62ec9ee60fc6a059b9e8ed0.png,-1.5,27398,3245,43,262144,19676,43086,39827,52489,4889,28992,139000,196329,6483,1084,50
UQ_new_0da45844d75450d8d62ec9ee60fc6a059b9e8ed0.png,-1.0,27398,3245,43,262144,19670,43072,39827,52486,6044,29673,138391,195125,8319,1278,54
UQ_new_0da45844d75450d8d62ec9ee60fc6a059b9e8ed0.png,-0.5,27398,3245,43,262144,19659,43056,39827,52479,7258,30584,137592,193833,10444,1493,67
UQ_new_0da45844d75450d8d62ec9ee60fc6a059b9e8ed0.png,0.0,27398,3245,43,262144,19637,43035,39827,52465,8655,31831,136534,192304,13088,1793,74
UQ_new_0da45844d75450d8d62ec9ee60fc6a059b9e8ed0.png,0.5,27398,3245,43,262144,19609,43009,39827,52450,10134,33670,134963,190626,16406,2195,84
UQ_new_0da45844d75450d8d62ec9ee60fc6a059b9e8ed0.png,1.0,27398,3245,43,262144,19572,42959,39813,52430,11796,36536,132481,188701,20934,2721,89
UQ_new_0da45844d75450d8d62ec9ee60fc6a059b9e8ed0.png,1.5,27398,3245,43,262144,19511,42906,39787,52406,13525,40308,129290,186555,26435,3282,78
UQ_new_0da45844d75450d8d62ec9ee60fc6a059b9e8ed0.png,2.0,27398,3245,43,262144,19422,42829,39745,52365,15282,44790,125516,184339,32674,3836,73
UQ_new_0da45844d75450d8d62ec9ee60fc6a059b9e8ed0.png,2.5,27398,3245,43,262144,19260,42719,39693,52316,16978,50029,121178,182115,39609,4413,80
UQ_new_0da45844d75450d8d62ec9ee60fc6a059b9e8ed0.png,3.0,27398,3245,43,262144,19058,42582,39616,52254,18674,56232,116020,179852,47508,5099,93
UQ_new_0da45844d75450d8d62ec9ee60fc6a059b9e8ed0.png,3.5,27398,3245,43,262144,18803,42376,39531,52188,20334,64275,109375,177406,57211,6073,104
UQ_new_0da45844d75450d8d62ec9ee60fc6a059b9e8ed0.png,4.0,27398,3245,43,262144,18443,42059,39382,52115,21874,73910,101776,174729,68386,7139,104
UQ_new_0da45844d75450d8d62ec9ee60fc6a059b9e8ed0.png,4.5,27398,3245,43,262144,17991,41625,39147,51992,23314,85619,92769,171831,81535,8406,137
UQ_new_0da45844d75450d8d62ec9ee60fc6a059b9e8ed0.png,5.0,27398,3245,43,262144,17363,41087,38761,51741,24440,100632,81567,168697,97674,10061,132
UQ_new_0da45844d75450d8d62ec9ee60fc6a059b9e8ed0.png,5.5,27398,3245,43,262144,16520,40585,38216,51302,25256,117700,69143,165566,115558,11659,99
UQ_new_0da45844d75450d8d62ec9ee60fc6a059b9e8ed0.png,6.0,27398,3245,43,262144,15486,40002,37486,50755,25962,134857,57195,162545,133421,12953,86
UQ_new_0da45844d75450d8d62ec9ee60fc6a059b9e8ed0.png,6.5,27398,3245,43,262144,14278,39415,36441,50211,26564,152371,45298,159710,151537,13854,95
UQ_new_0da45844d75450d8d62ec9ee60fc6a059b9e8ed0.png,7.0,27398,3245,43,262144,12869,38756,35105,49599,27024,170350,33467,157118,169976,14685,45
UQ_new_0da45844d75450d8d62ec9ee60fc6a059b9e8ed0.png,7.5,27398,3245,43,262144,11311,38154,33480,48946,27259,187454,22615,155069,187315,15046,31
UQ_new_0da45844d75450d8d62ec9ee60fc6a059b9e8ed0.png,8.0,27398,3245,43,262144,9684,37632,31507,48357,27360,202062,14309,153377,202024,14193,17
UQ_new_0da63d14745c79f37397ad08fb63b512f18ac2ef.png,-2.0,0,0,0,262144,193349,218701,0,1029,0,337,43443,67429,337,86,4
UQ_new_0da63d14745c79f37397ad08fb63b512f18ac2ef.png,-1.5,0,0,0,262144,193265,218701,0,1029,0,470,43443,67380,470,100,4
UQ_new_0da63d14745c79f37397ad08fb63b512f18ac2ef.png,-1.0,0,0,0,262144,193168,218701,0,1029,0,616,43443,67331,616,113,4
UQ_new_0da63d14745c79f37397ad08fb63b512f18ac2ef.png,-0.5,0,0,0,262144,193073,218701,0,1029,0,773,43443,67269,773,149,7
UQ_new_0da63d14745c79f37397ad08fb63b512f18ac2ef.png,0.0,0,0,0,262144,192963,218701,0,1029,0,970,43443,67182,970,168,5
UQ_new_0da63d14745c79f37397ad08fb63b512f18ac2ef.png,0.5,0,0,0,262144,192798,218701,0,1029,0,1214,43439,67107,1214,195,5
UQ_new_0da63d14745c79f37397ad08fb63b512f18ac2ef.png,1.0,0,0,0,262144,192612,218701,0,1029,0,1485,43431,67030,1485,214,6
UQ_new_0da63d14745c79f37397ad08fb63b512f18ac2ef.png,1.5,0,0,0,262144,192417,218701,0,1029,0,1793,43426,66922,1793,242,7
UQ_new_0da63d14745c79f37397ad08fb63b512f18ac2ef.png,2.0,0,0,0,262144,192152,218701,0,1029,0,2155,43412,66839,2155,270,8
UQ_new_0da63d14745c79f37397ad08fb63b512f18ac2ef.png,2.5,0,0,0,262144,191857,218701,0,1029,0,2575,43383,66743,2575,311,12
UQ_new_0da63d14745c79f37397ad08fb63b512f18ac2ef.png,3.0,0,0,0,262144,191501,218700,0,1029,0,3155,43346,66557,3155,403,24
UQ_new_0da63d14745c79f37397ad08fb63b512f18ac2ef.png,3.5,0,0,0,262144,190988,218696,0,1029,0,4236,43204,66135,4236,581,34
UQ_new_0da63d14745c79f37397ad08fb63b512f18ac2ef.png,4.0,0,0,0,262144,190291,218690,0,1029,0,5859,42970,65449,5859,787,43
UQ_new_0da63d14745c79f37397ad08fb63b512f18ac2ef.png,4.5,0,0,0,262144,189440,218671,0,1029,0,8237,42602,64309,8237,1130,58
UQ_new_0da63d14745c79f37397ad08fb63b512f18ac2ef.png,5.0,0,0,0,262144,188150,218625,0,1029,0,11683,41872,62929,11683,1622,60
UQ_new_0da63d14745c79f37397ad08fb63b512f18ac2ef.png,5.5,0,0,0,262144,186432,218540,0,1028,0,15859,41030,61399,15859,2154,87
UQ_new_0da63d14745c79f37397ad08fb63b512f18ac2ef.png,6.0,0,0,0,262144,184161,218420,0,1022,0,21092,39848,59745,21092,2848,111
UQ_new_0da63d14745c79f37397ad08fb63b512f18ac2ef.png,6.5,0,0,0,262144,181236,218207,0,1013,0,27716,38132,57984,27716,3883,163
UQ_new_0da63d14745c79f37397ad08fb63b512f18ac2ef.png,7.0,0,0,0,262144,177618,217875,0,978,0,36368,35644,55805,36368,5347,185
UQ_new_0da63d14745c79f37397ad08fb63b512f18ac2ef.png,7.5,0,0,0,262144,172939,217375,0,936,0,46739,32616,53683,46739,6745,234
UQ_new_0da63d14745c79f37397ad08fb63b512f18ac2ef.png,8.0,0,0,0,262144,166106,216690,0,892,0,60234,28493,51873,60234,8697,263
UQ_new_0da864f94b71cb8de0c7f75ed22d0f4414917751.png,-2.0,0,0,0,262144,132097,143698,0,0,0,0,118446,130047,0,0,0
UQ_new_0da864f94b71cb8de0c7f75ed22d0f4414917751.png,-1.5,0,0,0,262144,132097,143698,0,0,0,0,118446,130047,0,0,0
UQ_new_0da864f94b71cb8de0c7f75ed22d0f4414917751.png,-1.0,0,0,0,262144,132097,143698,0,0,0,0,118446,130047,0,0,0
UQ_new_0da864f94b71cb8de0c7f75ed22d0f4414917751.png,-0.5,0,0,0,262144,132097,143698,0,0,0,0,118446,130047,0,0,0
UQ_new_0da864f94b71cb8de0c7f75ed22d0f4414917751.png,0.0,0,0,0,262144,132097,143698,0,0,0,0,118446,130047,0,0,0
UQ_new_0da864f94b71cb8de0c7f75ed22d0f4414917751.png,0.5,0,0,0,262144,132097,143698,0,0,0,0,118446,130047,0,0,0
UQ_new_0da864f94b71cb8de0c7f75ed22d0f4414917751.png,1.0,0,0,0,262144,132097,143698,0,0,0,0,118446,130047,0,0,0
UQ_new_0da864f94b71cb8de0c7f75ed22d0f4414917751.png,1.5,0,0,0,262144,132097,143698,0,0,0,0,118446,130047,0,0,0
UQ_new_0da864f94b71cb8de0c7f75ed22d0f4414917751.png,2.0,0,0,0,262144,132097,143698,0,0,0,8,118438,130047,8,3,2
UQ_new_0da864f94b71cb8de0c7f75ed22d0f4414917751.png,2.5,0,0,0,262144,132097,143698,0,0,0,49,118397,130047,49,11,1
UQ_new_0da864f94b71cb8de0c7f75ed22d0f4414917751.png,3.0,0,0,0,262144,132097,143698,0,0,0,91,118358,130044,91,11,1
UQ_new_0da864f94b71cb8de0c7f75ed22d0f4414917751.png,3.5,0,0,0,262144,132095,143698,0,0,0,163,118295,130037,163,23,3
UQ_new_0da864f94b71cb8de0c7f75ed22d0f4414917751.png,4.0,0,0,0,262144,132091,143698,0,0,0,306,118161,130032,306,50,3
UQ_new_0da864f94b71cb8de0c7f75ed22d0f4414917751.png,4.5,0,0,0,262144,132087,143698,0,0,0,464,118016,130023,464,65,8
UQ_new_0da864f94b71cb8de0c7f75ed22d0f4414917751.png,5.0,0,0,0,262144,132073,143696,0,0,0,806,117719,129994,806,159,19
UQ_new_0da864f94b71cb8de0c7f75ed22d0f4414917751.png,5.5,0,0,0,262144,132047,143681,0,0,0,1642,116984,129934,1642,339,34
UQ_new_0da864f94b71cb8de0c7f75ed22d0f4414917751.png,6.0,0,0,0,262144,132000,143653,0,0,0,3222,115560,129853,3222,602,57
UQ_new_0da864f94b71cb8de0c7f75ed22d0f4414917751.png,6.5,0,0,0,262144,131902,143612,0,0,0,6157,112964,129653,6157,1165,89
UQ_new_0da864f94b71cb8de0c7f75ed22d0f4414917751.png,7.0,0,0,0,262144,131677,143520,0,0,0,11125,108714,129252,11125,2094,136
UQ_new_0da864f94b71cb8de0c7f75ed22d0f4414917751.png,7.5,0,0,0,262144,131272,143325,0,0,0,18646,102393,128652,18646,3374,152
UQ_new_0da864f94b71cb8de0c7f75ed22d0f4414917751.png,8.0,0,0,0,262144,130553,143106,0,0,0,28344,94257,128028,28344,4673,145
UQ_new_0e552649d6c62e9420d77d86321f1e7e27102a22.png,-2.0,0,0,0,262144,175975,196317,0,359,0,0,65468,86169,0,0,0
UQ_new_0e552649d6c62e9420d77d86321f1e7e27102a22.png,-1.5,0,0,0,262144,175975,196317,0,359,0,0,65468,86169,0,0,0
UQ_new_0e552649d6c62e9420d77d86321f1e7e27102a22.png,-1.0,0,0,0,262144,175975,196317,0,359,0,0,65468,86169,0,0,0
UQ_new_0e552649d6c62e9420d77d86321f1e7e27102a22.png,-0.5,0,0,0,262144,175975,196317,0,359,0,0,65468,86169,0,0,0
UQ_new_0e552649d6c62e9420d77d86321f1e7e27102a22.png,0.0,0,0,0,262144,175975,196317,0,359,0,0,65468,86169,0,0,0
UQ_new_0e552649d6c62e9420d77d86321f1e7e27102a22.png,0.5,0,0,0,262144,175975,196317,0,359,0,0,65468,86169,0,0,0
UQ_new_0e552649d6c62e9420d77d86321f1e7e27102a22.png,1.0,0,0,0,262144,175975,196317,0,359,0,1,65468,86168,1,1,1
UQ_new_0e552649d6c62e9420d77d86321f1e7e27102a22.png,1.5,0,0,0,262144,175975,196317,0,359,0,10,65468,86159,10,4,2
UQ_new_0e552649d6c62e9420d77d86321f1e7e27102a22.png,2.0,0,0,0,262144,175975,196317,0,359,0,71,65449,86117,71,27,4
UQ_new_0e552649d6c62e9420d77d86321f1e7e27102a22.png,2.5,0,0,0,262144,175966,196310,0,359,0,153,65429,86071,153,42,4
UQ_new_0e552649d6c62e9420d77d86321f1e7e27102a22.png,3.0,0,0,0,262144,175946,196295,0,359,0,272,65390,86026,272,65,10
UQ_new_0e552649d6c62e9420d77d86321f1e7e27102a22.png,3.5,0,0,0,262144,175857,196268,0,359,0,496,65327,85981,496,106,9
UQ_new_0e552649d6c62e9420d77d86321f1e7e27102a22.png,4.0,0,0,0,262144,175760,196241,0,358,0,757,65233,85939,757,137,10
UQ_new_0e552649d6c62e9420d77d86321f1e7e27102a22.png,4.5,0,0,0,262144,175675,196204,0,349,0,1103,65056,85901,1103,197,13
UQ_new_0e552649d6c62e9420d77d86321f1e7e27102a22.png,5.0,0,0,0,262144,175567,196162,0,335,0,1581,64782,85861,1581,249,24
UQ_new_0e552649d6c62e9420d77d86321f1e7e27102a22.png,5.5,0,0,0,262144,175415,196094,0,317,0,2410,64287,85765,2410,466,48
UQ_new_0e552649d6c62e9420d77d86321f1e7e27102a22.png,6.0,0,0,0,262144,175185,195963,0,291,0,3977,63301,85571,3977,800,53
UQ_new_0e552649d6c62e9420d77d86321f1e7e27102a22.png,6.5,0,0,0,262144,174790,195752,0,238,0,6337,61908,85263,6337,1310,85
UQ_new_0e552649d6c62e9420d77d86321f1e7e27102a22.png,7.0,0,0,0,262144,174144,195417,0,177,0,9878,59771,84901,9878,2003,108
UQ_new_0e552649d6c62e9420d77d86321f1e7e27102a22.png,7.5,0,0,0,262144,173117,194976,0,126,0,15230,56482,84357,15230,2874,130
UQ_new_0e552649d6c62e9420d77d86321f1e7e27102a22.png,8.0,0,0,0,262144,171630,194452,0,81,0,21880,52724,83521,21880,3988,213
UQ_new_0ea570a8da2bb8c2de77c970eee5e11a159111aa.png,-2.0,0,0,0,262144,161103,191558,0,0,0,411,70558,100658,411,41,4
UQ_new_0ea570a8da2bb8c2de77c970eee5e11a159111aa.png,-1.5,0,0,0,262144,161004,191558,0,0,0,567,70546,100613,567,52,5
UQ_new_0ea570a8da2bb8c2de77c970eee5e11a159111aa.png,-1.0,0,0,0,262144,160890,191558,0,0,0,821,70530,100489,821,104,6
UQ_new_0ea570a8da2bb8c2de77c970eee5e11a159111aa.png,-0.5,0,0,0,262144,160785,191558,0,0,0,1169,70510,100266,1169,140,5
UQ_new_0ea570a8da2bb8c2de77c970eee5e11a159111aa.png,0.0,0,0,0,262144,160637,191558,0,0,0,1603,70491,99999,1603,167,5
UQ_new_0ea570a8da2bb8c2de77c970eee5e11a159111aa.png,0.5,0,0,0,262144,160490,191558,0,0,0,2080,70474,99686,2080,211,6
UQ_new_0ea570a8da2bb8c2de77c970eee5e11a159111aa.png,1.0,0,0,0,262144,160323,191558,0,0,0,2527,70459,99421,2527,235,6
UQ_new_0ea570a8da2bb8c2de77c970eee5e11a159111aa.png,1.5,0,0,0,262144,160142,191558,0,0,0,3023,70438,99127,3023,263,6
UQ_new_0ea570a8da2bb8c2de77c970eee5e11a159111aa.png,2.0,0,0,0,262144,159949,191558,0,0,0,3500,70408,98873,3500,309,6
UQ_new_0ea570a8da2bb8c2de77c970eee5e11a159111aa.png,2.5,0,0,0,262144,159735,191558,0,0,0,3971,70355,98669,3971,359,9
UQ_new_0ea570a8da2bb8c2de77c970eee5e11a159111aa.png,3.0,0,0,0,262144,159466,191556,0,0,0,4577,70268,98421,4577,389,12
UQ_new_0ea570a8da2bb8c2de77c970eee5e11a159111aa.png,3.5,0,0,0,262144,159192,191552,0,0,0,5196,70178,98170,5196,418,16
UQ_new_0ea570a8da2bb8c2de77c970eee5e11a159111aa.png,4.0,0,0,0,262144,158777,191550,0,0,0,6113,70072,97776,6113,531,19
UQ_new_0ea570a8da2bb8c2de77c970eee5e11a159111aa.png,4.5,0,0,0,262144,158322,191539,0,0,0,7335,69863,97229,7335,747,26
UQ_new_0ea570a8da2bb8c2de77c970eee5e11a159111aa.png,5.0,0,0,0,262144,157670,191519,0,0,0,9100,69516,96483,9100,957,41
UQ_new_0ea570a8da2bb8c2de77c970eee5e11a159111aa.png,5.5,0,0,0,262144,156578,191471,0,0,0,11878,68922,95439,11878,1469,98
UQ_new_0ea570a8da2bb8c2de77c970eee5e11a159111aa.png,6.0,0,0,0,262144,154855,191366,0,0,0,16592,67908,93567,16592,2334,146
UQ_new_0ea570a8da2bb8c2de77c970eee5e11a159111aa.png,6.5,0,0,0,262144,152032,191190,0,0,0,24676,65719,90671,24676,3758,189
UQ_new_0ea570a8da2bb8c2de77c970eee5e11a159111aa.png,7.0,0,0,0,262144,148137,190865,0,0,0,35737,62233,87316,35737,5577,268
UQ_new_0ea570a8da2bb8c2de77c970eee5e11a159111aa.png,7.5,0,0,0,262144,142734,190432,0,0,0,50710,56798,83614,50710,8137,330
UQ_new_0ea570a8da2bb8c2de77c970eee5e11a159111aa.png,8.0,0,0,0,262144,136060,189871,0,0,0,69010,49241,80106,69010,10517,289
UQ_new_0f4c783905d162612e83d21883285ef2746b2fa8.png,-2.0,19366,1752,21,262144,5462,15134,39097,56502,725,19596,172028,215744,955,82,4
UQ_new_0f4c783905d162612e83d21883285ef2746b2fa8.png,-1.5,19366,1752,21,262144,5461,15132,39097,56494,847,19657,171977,215623,1138,105,4
UQ_new_0f4c783905d162612e83d21883285ef2746b2fa8.png,-1.0,19366,1752,21,262144,5458,15126,39097,56489,962,19753,171895,215508,1349,100,5
UQ_new_0f4c783905d162612e83d21883285ef2746b2fa8.png,-0.5,19366,1752,21,262144,5455,15122,39097,56484,1114,19872,171787,215357,1620,134,8
UQ_new_0f4c783905d162612e83d21883285ef2746b2fa8.png,0.0,19366,1752,21,262144,5454,15122,39097,56476,1346,20010,171662,215121,1990,170,13
UQ_new_0f4c783905d162612e83d21883285ef2746b2fa8.png,0.5,19366,1752,21,262144,5449,15115,39097,56471,1665,20272,171422,214797,2571,212,14
UQ_new_0f4c783905d162612e83d21883285ef2746b2fa8.png,1.0,19366,1752,21,262144,5446,15094,39097,56465,1973,20634,171105,214474,3241,274,14
UQ_new_0f4c783905d162612e83d21883285ef2746b2fa8.png,1.5,19366,1752,21,262144,5436,15058,39097,56447,2324,21199,170633,214094,4157,331,13
UQ_new_0f4c783905d162612e83d21883285ef2746b2fa8.png,2.0,19366,1752,21,262144,5421,15024,39097,56426,2703,21817,170147,213653,5154,416,14
UQ_new_0f4c783905d162612e83d21883285ef2746b2fa8.png,2.5,19366,1752,21,262144,5385,14972,39097,56404,3040,22603,169555,213232,6277,486,17
UQ_new_0f4c783905d162612e83d21883285ef2746b2fa8.png,3.0,19366,1752,21,262144,5343,14898,39092,56374,3361,23652,168731,212837,7647,608,19
UQ_new_0f4c783905d162612e83d21883285ef2746b2fa8.png,3.5,19366,1752,21,262144,5275,14784,39082,56338,3736,25277,167485,212311,9647,791,34
UQ_new_0f4c783905d162612e83d21883285ef2746b2fa8.png,4.0,19366,1752,21,262144,5184,14562,39044,56302,4228,27920,165673,211375,12782,1194,38
UQ_new_0f4c783905d162612e83d21883285ef2746b2fa8.png,4.5,19366,1752,21,262144,5087,14325,38955,56265,4818,31811,162807,210220,17263,1588,58
UQ_new_0f4c783905d162612e83d21883285ef2746b2fa8.png,5.0,19366,1752,21,262144,4972,13977,38768,56177,5665,37956,158288,208485,24255,2412,82
UQ_new_0f4c783905d162612e83d21883285ef2746b2fa8.png,5.5,19366,1752,21,262144,4742,13458,38360,56005,6664,47705,151182,206172,35003,3574,97
UQ_new_0f4c783905d162612e83d21883285ef2746b2fa8.png,6.0,19366,1752,21,262144,4412,12781,37640,55777,8025,61490,141083,203080,50149,5028,126
UQ_new_0f4c783905d162612e83d21883285ef2746b2fa8.png,6.5,19366,1752,21,262144,3976,12191,36645,55393,9659,80193,126604,199627,70486,6954,119
UQ_new_0f4c783905d162612e83d21883285ef2746b2fa8.png,7.0,19366,1752,21,262144,3485,11744,35163,54858,11201,102526,109662,195649,94361,8594,122
UQ_new_0f4c783905d162612e83d21883285ef2746b2fa8.png,7.5,19366,1752,21,262144,2757,11168,33253,54215,13069,126605,91713,191508,120308,9958,81
UQ_new_0f4c783905d162612e83d21883285ef2746b2fa8.png,8.0,19366,1752,21,262144,2084,10741,30927,53632,14860,150557,73474,188013,146051,10929,55
UQ_new_12a69eb51880f4ea6adaaad5d8487c37bf21cc7b.png,-2.0,26472,3363,29,262144,16230,33411,38789,57954,2953,27245,145049,202657,3726,753,33
UQ_new_12a69eb51880f4ea6adaaad5d8487c37bf21cc7b.png,-1.5,26472,3363,29,262144,16220,33405,38789,57954,3936,27758,144603,201623,5222,933,39
UQ_new_12a69eb51880f4ea6adaaad5d8487c37bf21cc7b.png,-1.0,26472,3363,29,262144,16204,33396,38789,57953,5050,28480,143961,200455,7058,1122,40
UQ_new_12a69eb51880f4ea6adaaad5d8487c37bf21cc7b.png,-0.5,26472,3363,29,262144,16185,33388,38789,57951,6190,29499,143018,199268,9217,1395,40
UQ_new_12a69eb51880f4ea6adaaad5d8487c37bf21cc7b.png,0.0,26472,3363,29,262144,16155,33361,38788,57944,7449,30645,141994,197952,11622,1533,42
UQ_new_12a69eb51880f4ea6adaaad5d8487c37bf21cc7b.png,0.5,26472,3363,29,262144,16108,33338,38785,57936,8722,31964,140807,196628,14214,1744,50
UQ_new_12a69eb51880f4ea6adaaad5d8487c37bf21cc7b.png,1.0,26472,3363,29,262144,16052,33305,38783,57920,10025,33858,139093,195252,17411,2022,49
UQ_new_12a69eb51880f4ea6adaaad5d8487c37bf21cc7b.png,1.5,26472,3363,29,262144,15983,33258,38774,57898,11318,36164,137072,193821,21010,2409,51
UQ_new_12a69eb51880f4ea6adaaad5d8487c37bf21cc7b.png,2.0,26472,3363,29,262144,15884,33183,38749,57875,12537,39221,134420,192419,25286,2722,60
UQ_new_12a69eb51880f4ea6adaaad5d8487c37bf21cc7b.png,2.5,26472,3363,29,262144,15790,33074,38707,57830,13764,42801,131351,190971,30093,3071,61
UQ_new_12a69eb51880f4ea6adaaad5d8487c37bf21cc7b.png,3.0,26472,3363,29,262144,15627,32882,38644,57772,14984,47531,127342,189506,36043,3761,69
UQ_new_12a69eb51880f4ea6adaaad5d8487c37bf21cc7b.png,3.5,26472,3363,29,262144,15434,32662,38551,57689,16256,53481,122380,187835,43265,4389,81
UQ_new_12a69eb51880f4ea6adaaad5d8487c37bf21cc7b.png,4.0,26472,3363,29,262144,15189,32321,38394,57585,17508,61363,116021,185907,52399,5399,116
UQ_new_12a69eb51880f4ea6adaaad5d8487c37bf21cc7b.png,4.5,26472,3363,29,262144,14820,31787,38059,57448,18866,71971,107872,183465,64365,6666,135
UQ_new_12a69eb51880f4ea6adaaad5d8487c37bf21cc7b.png,5.0,26472,3363,29,262144,14386,31100,37538,57257,20311,85799,97433,180464,79638,8265,143
UQ_new_12a69eb51880f4ea6adaaad5d8487c37bf21cc7b.png,5.5,26472,3363,29,262144,13897,30230,36670,57056,21784,102664,85255,176732,97976,10190,144
UQ_new_12a69eb51880f4ea6adaaad5d8487c37bf21cc7b.png,6.0,26472,3363,29,262144,13288,29146,35238,56823,23028,121771,72315,172679,118327,12089,135
UQ_new_12a69eb51880f4ea6adaaad5d8487c37bf21cc7b.png,6.5,26472,3363,29,262144,12496,27959,33264,56523,24111,143101,58718,168116,140740,13246,119
UQ_new_12a69eb51880f4ea6adaaad5d8487c37bf21cc7b.png,7.0,26472,3363,29,262144,11509,26744,30952,56229,24974,165314,44772,163794,163816,14123,63
UQ_new_12a69eb51880f4ea6adaaad5d8487c37bf21cc7b.png,7.5,26472,3363,29,262144,10432,25543,28149,55948,25571,186296,31676,160673,185395,14705,38
UQ_new_12a69eb51880f4ea6adaaad5d8487c37bf21cc7b.png,8.0,26472,3363,29,262144,9144,24620,25150,55734,26106,204790,19775,158969,204424,14586,27
UQ_new_13f2f41f0c4776e6c082d2786ccacd8c9da0c0e3.png,-2.0,11608,1072,13,262144,13905,26031,20955,27839,236,11738,196736,226848,366,67,3
UQ_new_13f2f41f0c4776e6c082d2786ccacd8c9da0c0e3.png,-1.5,11608,1072,13,262144,13905,26031,20955,27839,328,11763,196712,226755,483,71,3
UQ_new_13f2f41f0c4776e6c082d2786ccacd8c9da0c0e3.png,-1.0,11608,1072,13,262144,13905,26031,20955,27833,412,11783,196692,226677,587,82,4
UQ_new_13f2f41f0c4776e6c082d2786ccacd8c9da0c0e3.png,-0.5,11608,1072,13,262144,13905,26031,20955,27831,506,11840,196646,226574,738,95,6
UQ_new_13f2f41f0c4776e6c082d2786ccacd8c9da0c0e3.png,0.0,11608,1072,13,262144,13902,26031,20955,27824,616,11927,196586,226447,935,114,9
UQ_new_13f2f41f0c4776e6c082d2786ccacd8c9da0c0e3.png,0.5,11608,1072,13,262144,13883,26028,20953,27821,829,12055,196513,226206,1276,176,9
UQ_new_13f2f41f0c4776e6c082d2786ccacd8c9da0c0e3.png,1.0,11608,1072,13,262144,13853,26012,20948,27814,1064,12320,196332,225945,1776,240,10
UQ_new_13f2f41f0c4776e6c082d2786ccacd8c9da0c0e3.png,1.5,11608,1072,13,262144,13811,25989,20934,27812,1275,12694,196079,225694,2361,275,13
UQ_new_13f2f41f0c4776e6c082d2786ccacd8c9da0c0e3.png,2.0,11608,1072,13,262144,13767,25971,20911,27806,1526,13161,195762,225384,3079,321,12
UQ_new_13f2f41f0c4776e6c082d2786ccacd8c9da0c0e3.png,2.5,11608,1072,13,262144,13712,25919,20892,27800,1768,13783,195378,225036,3943,423,15
UQ_new_13f2f41f0c4776e6c082d2786ccacd8c9da0c0e3.png,3.0,11608,1072,13,262144,13633,25877,20868,27787,1981,14736,194802,224604,5109,552,23
UQ_new_13f2f41f0c4776e6c082d2786ccacd8c9da0c0e3.png,3.5,11608,1072,13,262144,13535,25818,20834,27771,2330,16082,193949,223969,6804,744,32
UQ_new_13f2f41f0c4776e6c082d2786ccacd8c9da0c0e3.png,4.0,11608,1072,13,262144,13310,25709,20761,27754,2693,17939,192850,223272,9024,953,39
UQ_new_13f2f41f0c4776e6c082d2786ccacd8c9da0c0e3.png,4.5,11608,1072,13,262144,13029,25576,20688,27733,3077,20842,190772,222571,12311,1427,56
UQ_new_13f2f41f0c4776e6c082d2786ccacd8c9da0c0e3.png,5.0,11608,1072,13,262144,12736,25386,20587,27667,3442,25527,187142,221801,17361,2023,69
UQ_new_13f2f41f0c4776e6c082d2786ccacd8c9da0c0e3.png,5.5,11608,1072,13,262144,12381,25142,20405,27560,3936,32186,182076,220602,24514,2875,84
UQ_new_13f2f41f0c4776e6c082d2786ccacd8c9da0c0e3.png,6.0,11608,1072,13,262144,12019,24823,20132,27443,4718,40834,175399,218920,33944,3871,113
UQ_new_13f2f41f0c4776e6c082d2786ccacd8c9da0c0e3.png,6.5,11608,1072,13,262144,11543,24453,19730,27294,5620,51813,167238,216597,45825,5090,152
UQ_new_13f2f41f0c4776e6c082d2786ccacd8c9da0c0e3.png,7.0,11608,1072,13,262144,10904,24100,19136,27120,6548,65973,156536,213971,60913,6542,167
UQ_new_13f2f41f0c4776e6c082d2786ccacd8c9da0c0e3.png,7.5,11608,1072,13,262144,9812,23663,18330,26849,7811,84810,142669,210344,81013,8572,142
UQ_new_13f2f41f0c4776e6c082d2786ccacd8c9da0c0e3.png,8.0,11608,1072,13,262144,8466,23289,17276,26612,9079,106384,125904,207278,103855,10011,118
UQ_new_146be7cb2e60aae4211ad143370f63a746bb3e10.png,-2.0,5275,427,3,262144,3716,17784,10522,16128,0,5315,223111,247712,40,13,1
UQ_new_146be7cb2e60aae4211ad143370f63a746bb3e10.png,-1.5,5275,427,3,262144,3716,17784,10522,16128,2,5354,223072,247710,81,18,2
UQ_new_146be7cb2e60aae4211ad143370f63a746bb3e10.png,-1.0,5275,427,3,262144,3716,17784,10522,16128,22,5390,223036,247690,137,25,2
UQ_new_146be7cb2e60aae4211ad143370f63a746bb3e10.png,-0.5,5275,427,3,262144,3716,17784,10522,16128,62,5429,222997,247650,216,29,3
UQ_new_146be7cb2e60aae4211ad143370f63a746bb3e10.png,0.0,5275,427,3,262144,3716,17784,10522,16128,131,5471,222955,247581,327,43,4
UQ_new_146be7cb2e60aae4211ad143370f63a746bb3e10.png,0.5,5275,427,3,262144,3716,17784,10522,16128,251,5534,222892,247461,510,71,4
UQ_new_146be7cb2e60aae4211ad143370f63a746bb3e10.png,1.0,5275,427,3,262144,3716,17784,10522,16128,405,5645,222781,247307,775,88,7
UQ_new_146be7cb2e60aae4211ad143370f63a746bb3e10.png,1.5,5275,427,3,262144,3716,17784,10522,16122,591,5783,222655,247115,1099,115,6
UQ_new_146be7cb2e60aae4211ad143370f63a746bb3e10.png,2.0,5275,427,3,262144,3716,17784,10522,16117,753,5950,222502,246944,1428,121,6
UQ_new_146be7cb2e60aae4211ad143370f63a746bb3e10.png,2.5,5275,427,3,262144,3715,17784,10522,16108,915,6160,222314,246770,1800,167,6
UQ_new_146be7cb2e60aae4211ad143370f63a746bb3e10.png,3.0,5275,427,3,262144,3713,17784,10522,16097,1119,6432,222065,246556,2276,217,8
UQ_new_146be7cb2e60aae4211ad143370f63a746bb3e10.png,3.5,5275,427,3,262144,3712,17784,10522,16083,1367,6797,221733,246290,2889,257,8
UQ_new_146be7cb2e60aae4211ad143370f63a746bb3e10.png,4.0,5275,427,3,262144,3710,17784,10522,16065,1588,7431,221147,246041,3744,306,12
UQ_new_146be7cb2e60aae4211ad143370f63a746bb3e10.png,4.5,5275,427,3,262144,3704,17782,10522,16050,1784,8562,220118,245766,5071,452,13
UQ_new_146be7cb2e60aae4211ad143370f63a746bb3e10.png,5.0,5275,427,3,262144,3687,17779,10522,16028,2005,10292,218556,245419,7022,656,23
UQ_new_146be7cb2e60aae4211ad143370f63a746bb3e10.png,5.5,5275,427,3,262144,3663,17768,10516,15999,2273,12988,216223,244858,9986,997,45
UQ_new_146be7cb2e60aae4211ad143370f63a746bb3e10.png,6.0,5275,427,3,262144,3600,17664,10499,15932,2620,17343,212927,243703,14688,1483,60
UQ_new_146be7cb2e60aae4211ad143370f63a746bb3e10.png,6.5,5275,427,3,262144,3430,17369,10418,15856,3039,24921,207270,241985,22685,2413,94
UQ_new_146be7cb2e60aae4211ad143370f63a746bb3e10.png,7.0,5275,427,3,262144,3182,17121,10199,15718,3681,36523,198288,239576,34929,3954,130
UQ_new_146be7cb2e60aae4211ad143370f63a746bb3e10.png,7.5,5275,427,3,262144,2801,16929,9749,15529,4223,53622,184788,236647,52570,5857,172
UQ_new_146be7cb2e60aae4211ad143370f63a746bb3e10.png,8.0,5275,427,3,262144,2347,16744,8938,15274,4627,76965,165218,234175,76317,8210,142
UQ_new_16e9410b2bbcfad6931cddda8da6c0dd50706b12.png,-2.0,16117,1741,15,262144,7302,21307,36337,49721,32,16121,177180,216288,36,10,2
UQ_new_16e9410b2bbcfad6931cddda8da6c0dd50706b12.png,-1.5,16117,1741,15,262144,7302,21306,36337,49721,75,16161,177151,216235,119,29,3
UQ_new_16e9410b2bbcfad6931cddda8da6c0dd50706b12.png,-1.0,16117,1741,15,262144,7302,21304,36335,49721,120,16289,177038,216179,292,53,5
UQ_new_16e9410b2bbcfad6931cddda8da6c0dd50706b12.png,-0.5,16117,1741,15,262144,7302,21301,36333,49721,221,16456,176885,216069,560,101,8
UQ_new_16e9410b2bbcfad6931cddda8da6c0dd50706b12.png,0.0,16117,1741,15,262144,7302,21282,36326,49719,414,16726,176639,215880,1023,162,16
UQ_new_16e9410b2bbcfad6931cddda8da6c0dd50706b12.png,0.5,16117,1741,15,262144,7302,21241,36317,49715,729,17299,176125,215560,1911,288,16
UQ_new_16e9410b2bbcfad6931cddda8da6c0dd50706b12.png,1.0,16117,1741,15,262144,7295,21191,36312,49710,1136,18010,175515,215119,3029,384,16
UQ_new_16e9410b2bbcfad6931cddda8da6c0dd50706b12.png,1.5,16117,1741,15,262144,7277,21147,36299,49704,1501,18880,174748,214732,4264,460,15
UQ_new_16e9410b2bbcfad6931cddda8da6c0dd50706b12.png,2.0,16117,1741,15,262144,7252,21077,36283,49692,1926,19905,173865,214288,5714,539,22
UQ_new_16e9410b2bbcfad6931cddda8da6c0dd50706b12.png,2.5,16117,1741,15,262144,7205,20983,36264,49675,2493,21475,172494,213699,7851,828,30
UQ_new_16e9410b2bbcfad6931cddda8da6c0dd50706b12.png,3.0,16117,1741,15,262144,7126,20810,36242,49656,3093,23695,170632,213034,10671,1018,33
UQ_new_16e9410b2bbcfad6931cddda8da6c0dd50706b12.png,3.5,16117,1741,15,262144,7008,20617,36219,49624,3687,26590,168295,212248,14160,1330,44
UQ_new_16e9410b2bbcfad6931cddda8da6c0dd50706b12.png,4.0,16117,1741,15,262144,6820,20317,36177,49558,4353,31010,164907,211146,19246,1802,63
UQ_new_16e9410b2bbcfad6931cddda8da6c0dd50706b12.png,4.5,16117,1741,15,262144,6546,19925,36086,49465,5061,37926,159794,209485,26870,2653,82
UQ_new_16e9410b2bbcfad6931cddda8da6c0dd50706b12.png,5.0,16117,1741,15,262144,6205,19192,35837,49310,5893,47927,152807,207117,37703,3874,130
UQ_new_16e9410b2bbcfad6931cddda8da6c0dd50706b12.png,5.5,16117,1741,15,262144,5721,18247,35195,48996,7049,62258,143450,203372,53190,5657,141
UQ_new_16e9410b2bbcfad6931cddda8da6c0dd50706b12.png,6.0,16117,1741,15,262144,5149,17293,33992,48696,8359,80237,131056,199506,72479,7303,131
UQ_new_16e9410b2bbcfad6931cddda8da6c0dd50706b12.png,6.5,16117,1741,15,262144,4604,16226,32347,48510,9730,101577,115100,196194,95190,8873,109
UQ_new_16e9410b2bbcfad6931cddda8da6c0dd50706b12.png,7.0,16117,1741,15,262144,4009,15122,30523,48389,11204,124456,97281,193304,119543,10325,74
UQ_new_16e9410b2bbcfad6931cddda8da6c0dd50706b12.png,7.5,16117,1741,15,262144,3328,14224,28443,48278,12786,147040,79593,190596,143709,11064,58
UQ_new_16e9410b2bbcfad6931cddda8da6c0dd50706b12.png,8.0,16117,1741,15,262144,2574,13427,26179,48168,14033,168980,62231,188696,166896,11646,41
UQ_new_187c77b619e8b83cd779dbb6718a9b937d0cde01.png,-2.0,0,0,0,262144,203739,221383,0,0,0,0,40761,58405,0,0,0
UQ_new_187c77b619e8b83cd779dbb6718a9b937d0cde01.png,-1.5,0,0,0,262144,203739,221383,0,0,0,0,40761,58405,0,0,0
UQ_new_187c77b619e8b83cd779dbb6718a9b937d0cde01.png,-1.0,0,0,0,262144,203739,221383,0,0,0,0,40761,58405,0,0,0
UQ_new_187c77b619e8b83cd779dbb6718a9b937d0cde01.png,-0.5,0,0,0,262144,203738,221383,0,0,0,11,40753,58403,11,8,2
UQ_new_187c77b619e8b83cd779dbb6718a9b937d0cde01.png,0.0,0,0,0,262144,203738,221383,0,0,0,51,40715,58401,51,21,3
UQ_new_187c77b619e8b83cd779dbb6718a9b937d0cde01.png,0.5,0,0,0,262144,203737,221383,0,0,0,108,40660,58400,108,27,2
UQ_new_187c77b619e8b83cd779dbb6718a9b937d0cde01.png,1.0,0,0,0,262144,203735,221382,0,0,0,174,40601,58396,174,38,4
UQ_new_187c77b619e8b83cd779dbb6718a9b937d0cde01.png,1.5,0,0,0,262144,203733,221376,0,0,0,260,40530,58389,260,43,3
UQ_new_187c77b619e8b83cd779dbb6718a9b937d0cde01.png,2.0,0,0,0,262144,203721,221364,0,0,0,329,40487,58387,329,61,5
UQ_new_187c77b619e8b83cd779dbb6718a9b937d0cde01.png,2.5,0,0,0,262144,203703,221346,0,0,0,435,40428,58376,435,91,9
UQ_new_187c77b619e8b83cd779dbb6718a9b937d0cde01.png,3.0,0,0,0,262144,203668,221327,0,0,0,641,40324,58328,641,132,6
UQ_new_187c77b619e8b83cd779dbb6718a9b937d0cde01.png,3.5,0,0,0,262144,203607,221311,0,0,0,904,40179,58287,904,167,11
UQ_new_187c77b619e8b83cd779dbb6718a9b937d0cde01.png,4.0,0,0,0,262144,203464,221275,0,0,0,1339,40014,58196,1339,254,17
UQ_new_187c77b619e8b83cd779dbb6718a9b937d0cde01.png,4.5,0,0,0,262144,203216,221242,0,0,0,2010,39836,57984,2010,358,19
UQ_new_187c77b619e8b83cd779dbb6718a9b937d0cde01.png,5.0,0,0,0,262144,202859,221190,0,0,0,2901,39581,57757,2901,491,29
UQ_new_187c77b619e8b83cd779dbb6718a9b937d0cde01.png,5.5,0,0,0,262144,202301,221124,0,0,0,4305,39229,57329,4305,835,57
UQ_new_187c77b619e8b83cd779dbb6718a9b937d0cde01.png,6.0,0,0,0,262144,201459,221029,0,0,0,6709,38453,56638,6709,1323,63
UQ_new_187c77b619e8b83cd779dbb6718a9b937d0cde01.png,6.5,0,0,0,262144,200185,220916,0,0,0,10032,37386,55769,10032,1902,98
UQ_new_187c77b619e8b83cd779dbb6718a9b937d0cde01.png,7.0,0,0,0,262144,198231,220774,0,0,0,14620,36067,54596,14620,2728,162
UQ_new_187c77b619e8b83cd779dbb6718a9b937d0cde01.png,7.5,0,0,0,262144,195112,220591,0,0,0,21710,33960,52915,21710,4047,197
UQ_new_187c77b619e8b83cd779dbb6718a9b937d0cde01.png,8.0,0,0,0,262144,190270,220299,0,0,0,31487,31009,51223,31487,5667,235
UQ_new_18e6849a827505c911b455082cd0045aa90a8300.png,-2.0,0,0,0,262144,9636,24425,0,0,0,0,237719,252508,0,0,0
UQ_new_18e6849a827505c911b455082cd0045aa90a8300.png,-1.5,0,0,0,262144,9636,24425,0,0,0,0,237719,252508,0,0,0
UQ_new_18e6849a827505c911b455082cd0045aa90a8300.png,-1.0,0,0,0,262144,9636,24425,0,0,0,0,237719,252508,0,0,0
UQ_new_18e6849a827505c911b455082cd0045aa90a8300.png,-0.5,0,0,0,262144,9636,24425,0,0,0,0,237719,252508,0,0,0
UQ_new_18e6849a827505c911b455082cd0045aa90a8300.png,0.0,0,0,0,262144,9636,24425,0,0,0,0,237719,252508,0,0,0
UQ_new_18e6849a827505c911b455082cd0045aa90a8300.png,0.5,0,0,0,262144,9636,24425,0,0,0,0,237719,252508,0,0,0
UQ_new_18e6849a827505c911b455082cd0045aa90a8300.png,1.0,0,0,0,262144,9636,24425,0,0,0,0,237719,252508,0,0,0
UQ_new_18e6849a827505c911b455082cd0045aa90a8300.png,1.5,0,0,0,262144,9636,24425,0,0,0,0,237719,252508,0,0,0
UQ_new_18e6849a827505c911b455082cd0045aa90a8300.png,2.0,0,0,0,262144,9636,24425,0,0,0,0,237719,252508,0,0,0
UQ_new_18e6849a827505c911b455082cd0045aa90a8300.png,2.5,0,0,0,262144,9636,24425,0,0,0,0,237719,252508,0,0,0
UQ_new_18e6849a827505c911b455082cd0045aa90a8300.png,3.0,0,0,0,262144,9636,24425,0,0,0,0,237719,252508,0,0,0
UQ_new_18e6849a827505c911b455082cd0045aa90a8300.png,3.5,0,0,0,262144,9636,24425,0,0,0,1,237718,252508,1,1,1
UQ_new_18e6849a827505c911b455082cd0045aa90a8300.png,4.0,0,0,0,262144,9635,24422,0,0,0,55,237671,252505,55,19,6
UQ_new_18e6849a827505c911b455082cd0045aa90a8300.png,4.5,0,0,0,262144,9631,24412,0,0,0,279,237484,252482,279,54,8
UQ_new_18e6849a827505c911b455082cd0045aa90a8300.png,5.0,0,0,0,262144,9594,24386,0,0,0,773,237109,252426,773,175,25
UQ_new_18e6849a827505c911b455082cd0045aa90a8300.png,5.5,0,0,0,262144,9545,24312,0,0,0,2301,235814,252316,2301,464,53
UQ_new_18e6849a827505c911b455082cd0045aa90a8300.png,6.0,0,0,0,262144,9417,24083,0,0,0,6027,232733,252028,6027,1060,90
UQ_new_18e6849a827505c911b455082cd0045aa90a8300.png,6.5,0,0,0,262144,9143,23740,0,0,0,12917,227202,251286,12917,2307,171
UQ_new_18e6849a827505c911b455082cd0045aa90a8300.png,7.0,0,0,0,262144,8598,23147,0,0,0,25214,217468,249861,25214,4244,207
UQ_new_18e6849a827505c911b455082cd0045aa90a8300.png,7.5,0,0,0,262144,7748,22373,0,0,0,42745,203264,248158,42745,6612,249
UQ_new_18e6849a827505c911b455082cd0045aa90a8300.png,8.0,0,0,0,262144,6663,21542,0,0,0,67650,181989,246444,67650,9288,215
UQ_new_1946360c99307e3893940a8cdb21bdeea89a7106.png,-2.0,4380,390,14,262144,6404,12251,30582,53079,153,4420,192697,224702,193,26,1
UQ_new_1946360c99307e3893940a8cdb21bdeea89a7106.png,-1.5,4380,390,14,262144,6402,12248,30582,53079,176,4481,192641,224679,277,39,4
UQ_new_1946360c99307e3893940a8cdb21bdeea89a7106.png,-1.0,4380,390,14,262144,6401,12246,30582,53079,196,4593,192531,224660,409,59,6
UQ_new_1946360c99307e3893940a8cdb21bdeea89a7106.png,-0.5,4380,390,14,262144,6399,12246,30582,53078,283,4748,192379,224573,651,85,8
UQ_new_1946360c99307e3893940a8cdb21bdeea89a7106.png,0.0,4380,390,14,262144,6399,12246,30582,53076,393,5012,192121,224459,1025,119,11
UQ_new_1946360c99307e3893940a8cdb21bdeea89a7106.png,0.5,4380,390,14,262144,6398,12246,30582,53069,505,5440,191713,224335,1565,167,13
UQ_new_1946360c99307e3893940a8cdb21bdeea89a7106.png,1.0,4380,390,14,262144,6397,12239,30581,53060,638,6061,191137,224175,2319,233,16
UQ_new_1946360c99307e3893940a8cdb21bdeea89a7106.png,1.5,4380,390,14,262144,6395,12233,30576,53050,834,6888,190400,223912,3342,325,21
UQ_new_1946360c99307e3893940a8cdb21bdeea89a7106.png,2.0,4380,390,14,262144,6391,12223,30568,53032,1042,8021,189455,223556,4683,417,21
UQ_new_1946360c99307e3893940a8cdb21bdeea89a7106.png,2.5,4380,390,14,262144,6382,12213,30555,53005,1246,9339,188416,223132,6205,530,26
UQ_new_1946360c99307e3893940a8cdb21bdeea89a7106.png,3.0,4380,390,14,262144,6356,12203,30537,52970,1447,11280,186887,222608,8347,746,29
UQ_new_1946360c99307e3893940a8cdb21bdeea89a7106.png,3.5,4380,390,14,262144,6331,12189,30509,52931,1683,13570,185050,222025,10873,908,39
UQ_new_1946360c99307e3893940a8cdb21bdeea89a7106.png,4.0,4380,390,14,262144,6300,12115,30452,52876,1962,16971,182309,221303,14553,1326,50
UQ_new_1946360c99307e3893940a8cdb21bdeea89a7106.png,4.5,4380,390,14,262144,6228,11986,30357,52816,2262,21789,178679,220171,19671,1793,63
UQ_new_1946360c99307e3893940a8cdb21bdeea89a7106.png,5.0,4380,390,14,262144,6100,11843,30199,52703,2878,28419,173676,218470,26917,2530,83
UQ_new_1946360c99307e3893940a8cdb21bdeea89a7106.png,5.5,4380,390,14,262144,5902,11740,29933,52555,3519,37774,166564,216301,36913,3490,110
UQ_new_1946360c99307e3893940a8cdb21bdeea89a7106.png,6.0,4380,390,14,262144,5639,11617,29458,52329,3857,52320,156087,212981,51797,4929,122
UQ_new_1946360c99307e3893940a8cdb21bdeea89a7106.png,6.5,4380,390,14,262144,5164,11499,28783,52005,3976,71663,142257,208941,71259,6955,137
UQ_new_1946360c99307e3893940a8cdb21bdeea89a7106.png,7.0,4380,390,14,262144,4629,11421,27931,51593,4051,95935,123794,204934,95606,8858,91
UQ_new_1946360c99307e3893940a8cdb21bdeea89a7106.png,7.5,4380,390,14,262144,4113,11356,26826,51161,4099,124057,101025,201651,123776,10357,54
UQ_new_1946360c99307e3893940a8cdb21bdeea89a7106.png,8.0,4380,390,14,262144,3581,11317,25509,50849,4189,152835,76502,199506,152644,11404,33
UQ_new_1a0c04b9b77de7eeef96048167fbb1f650661428.png,-2.0,0,0,0,262144,3756,35679,0,0,0,0,226465,258388,0,0,0
UQ_new_1a0c04b9b77de7eeef96048167fbb1f650661428.png,-1.5,0,0,0,262144,3756,35679,0,0,0,0,226465,258388,0,0,0
UQ_new_1a0c04b9b77de7eeef96048167fbb1f650661428.png,-1.0,0,0,0,262144,3756,35679,0,0,0,0,226465,258388,0,0,0
UQ_new_1a0c04b9b77de7eeef96048167fbb1f650661428.png,-0.5,0,0,0,262144,3756,35679,0,0,0,0,226465,258388,0,0,0
UQ_new_1a0c04b9b77de7eeef96048167fbb1f650661428.png,0.0,0,0,0,262144,3756,35679,0,0,0,0,226465,258388,0,0,0
UQ_new_1a0c04b9b77de7eeef96048167fbb1f650661428.png,0.5,0,0,0,262144,3756,35679,0,0,0,0,226465,258388,0,0,0
UQ_new_1a0c04b9b77de7eeef96048167fbb1f650661428.png,1.0,0,0,0,262144,3756,35679,0,0,0,0,226465,258388,0,0,0
UQ_new_1a0c04b9b77de7eeef96048167fbb1f650661428.png,1.5,0,0,0,262144,3756,35679,0,0,0,0,226465,258388,0,0,0
UQ_new_1a0c04b9b77de7eeef96048167fbb1f650661428.png,2.0,0,0,0,262144,3756,35679,0,0,0,0,226465,258388,0,0,0
UQ_new_1a0c04b9b77de7eeef96048167fbb1f650661428.png,2.5,0,0,0,262144,3756,35679,0,0,0,0,226465,258388,0,0,0
UQ_new_1a0c04b9b77de7eeef96048167fbb1f650661428.png,3.0,0,0,0,262144,3756,35679,0,0,0,0,226465,258388,0,0,0
UQ_new_1a0c04b9b77de7eeef96048167fbb1f650661428.png,3.5,0,0,0,262144,3756,35679,0,0,0,0,226465,258388,0,0,0
UQ_new_1a0c04b9b77de7eeef96048167fbb1f650661428.png,4.0,0,0,0,262144,3756,35679,0,0,0,0,226465,258388,0,0,0
UQ_new_1a0c04b9b77de7eeef96048167fbb1f650661428.png,4.5,0,0,0,262144,3756,35679,0,0,0,0,226465,258388,0,0,0
UQ_new_1a0c04b9b77de7eeef96048167fbb1f650661428.png,5.0,0,0,0,262144,3756,35679,0,0,0,22,226460,258371,22,10,4
UQ_new_1a0c04b9b77de7eeef96048167fbb1f650661428.png,5.5,0,0,0,262144,3756,35679,0,0,0,125,226421,258307,125,33,7
UQ_new_1a0c04b9b77de7eeef96048167fbb1f650661428.png,6.0,0,0,0,262144,3755,35679,0,0,0,575,226166,258113,575,127,21
UQ_new_1a0c04b9b77de7eeef96048167fbb1f650661428.png,6.5,0,0,0,262144,3737,35679,0,0,0,2175,225429,257268,2175,432,55
UQ_new_1a0c04b9b77de7eeef96048167fbb1f650661428.png,7.0,0,0,0,262144,3660,35676,0,0,0,6023,223628,255301,6023,1105,94
UQ_new_1a0c04b9b77de7eeef96048167fbb1f650661428.png,7.5,0,0,0,262144,3518,35667,0,0,0,13369,219810,251924,13369,2348,172
UQ_new_1a0c04b9b77de7eeef96048167fbb1f650661428.png,8.0,0,0,0,262144,3165,35654,0,0,0,27864,210717,246888,27864,4268,180
UQ_new_1a6ea8f084703aecf16a0e381843cbd622b7e510.png,-2.0,33456,4119,43,262144,14122,30619,24261,30976,5131,35108,166107,217964,6783,1119,44
UQ_new_1a6ea8f084703aecf16a0e381843cbd622b7e510.png,-1.5,33456,4119,43,262144,14121,30617,24258,30973,6331,35830,165452,216706,8705,1325,48
UQ_new_1a6ea8f084703aecf16a0e381843cbd622b7e510.png,-1.0,33456,4119,43,262144,14119,30615,24255,30968,7704,36724,164625,215278,10972,1606,54
UQ_new_1a6ea8f084703aecf16a0e381843cbd622b7e510.png,-0.5,33456,4119,43,262144,14116,30613,24249,30960,9212,37842,163597,213699,13598,1827,65
UQ_new_1a6ea8f084703aecf16a0e381843cbd622b7e510.png,0.0,33456,4119,43,262144,14107,30612,24241,30949,10909,39376,162206,211888,16829,2100,69
UQ_new_1a6ea8f084703aecf16a0e381843cbd622b7e510.png,0.5,33456,4119,43,262144,14100,30607,24232,30929,12521,41471,160284,210144,20536,2439,75
UQ_new_1a6ea8f084703aecf16a0e381843cbd622b7e510.png,1.0,33456,4119,43,262144,14089,30601,24212,30909,14286,44350,157658,208183,25180,2865,80
UQ_new_1a6ea8f084703aecf16a0e381843cbd622b7e510.png,1.5,33456,4119,43,262144,14075,30583,24202,30883,15958,47874,154477,206236,30376,3318,82
UQ_new_1a6ea8f084703aecf16a0e381843cbd622b7e510.png,2.0,33456,4119,43,262144,14062,30546,24173,30855,17804,52319,150488,204041,36667,3714,93
UQ_new_1a6ea8f084703aecf16a0e381843cbd622b7e510.png,2.5,33456,4119,43,262144,14026,30506,24134,30822,19933,58048,145382,201437,44525,4568,99
UQ_new_1a6ea8f084703aecf16a0e381843cbd622b7e510.png,3.0,33456,4119,43,262144,13946,30449,24071,30774,21928,65725,138646,198749,54197,5567,117
UQ_new_1a6ea8f084703aecf16a0e381843cbd622b7e510.png,3.5,33456,4119,43,262144,13861,30370,23957,30684,23796,75558,130121,195941,65898,6680,122
UQ_new_1a6ea8f084703aecf16a0e381843cbd622b7e510.png,4.0,33456,4119,43,262144,13709,30268,23764,30579,25722,87821,119641,192784,80087,8043,128
UQ_new_1a6ea8f084703aecf16a0e381843cbd622b7e510.png,4.5,33456,4119,43,262144,13459,30140,23490,30412,27653,102243,107528,189363,96440,9741,122
UQ_new_1a6ea8f084703aecf16a0e381843cbd622b7e510.png,5.0,33456,4119,43,262144,13091,29985,23129,30219,29460,118854,93654,185896,114858,10921,124
UQ_new_1a6ea8f084703aecf16a0e381843cbd622b7e510.png,5.5,33456,4119,43,262144,12585,29781,22603,29978,30611,138082,77806,182842,135237,12891,102
UQ_new_1a6ea8f084703aecf16a0e381843cbd622b7e510.png,6.0,33456,4119,43,262144,11843,29571,21858,29726,31399,158674,61058,180159,156617,14625,89
UQ_new_1a6ea8f084703aecf16a0e381843cbd622b7e510.png,6.5,33456,4119,43,262144,10855,29263,21002,29490,31978,177718,46145,177837,176240,14857,62
UQ_new_1a6ea8f084703aecf16a0e381843cbd622b7e510.png,7.0,33456,4119,43,262144,9764,28924,19870,29258,32515,195184,33004,175769,194243,15189,31
UQ_new_1a6ea8f084703aecf16a0e381843cbd622b7e510.png,7.5,33456,4119,43,262144,8594,28627,18561,29067,32851,210651,21506,174431,210046,14695,23
UQ_new_1a6ea8f084703aecf16a0e381843cbd622b7e510.png,8.0,33456,4119,43,262144,7367,28379,17058,28933,33042,222537,13311,173661,222123,13469,16
UQ_new_1abed7308f2fb2eebf6bb317f0537eb84ce3a2b0.png,-2.0,0,0,0,262144,17325,38801,0,0,0,0,223343,244819,0,0,0
UQ_new_1abed7308f2fb2eebf6bb317f0537eb84ce3a2b0.png,-1.5,0,0,0,262144,17325,38801,0,0,0,0,223343,244819,0,0,0
UQ_new_1abed7308f2fb2eebf6bb317f0537eb84ce3a2b0.png,-1.0,0,0,0,262144,17325,38801,0,0,0,0,223343,244819,0,0,0
UQ_new_1abed7308f2fb2eebf6bb317f0537eb84ce3a2b0.png,-0.5,0,0,0,262144,17325,38801,0,0,0,7,223336,244819,7,5,2
UQ_new_1abed7308f2fb2eebf6bb317f0537eb84ce3a2b0.png,0.0,0,0,0,262144,17323,38801,0,0,0,58,223292,244814,58,8,2
UQ_new_1abed7308f2fb2eebf6bb317f0537eb84ce3a2b0.png,0.5,0,0,0,262144,17320,38801,0,0,0,135,223230,244802,135,19,1
UQ_new_1abed7308f2fb2eebf6bb317f0537eb84ce3a2b0.png,1.0,0,0,0,262144,17311,38801,0,0,0,208,223170,244798,208,23,1
UQ_new_1abed7308f2fb2eebf6bb317f0537eb84ce3a2b0.png,1.5,0,0,0,262144,17301,38801,0,0,0,334,223057,244795,334,43,3
UQ_new_1abed7308f2fb2eebf6bb317f0537eb84ce3a2b0.png,2.0,0,0,0,262144,17285,38801,0,0,0,623,222834,244745,623,88,4
UQ_new_1abed7308f2fb2eebf6bb317f0537eb84ce3a2b0.png,2.5,0,0,0,262144,17247,38801,0,0,0,1060,222589,244591,1060,157,9
UQ_new_1abed7308f2fb2eebf6bb317f0537eb84ce3a2b0.png,3.0,0,0,0,262144,17156,38801,0,0,0,1655,222316,244360,1655,177,8
UQ_new_1abed7308f2fb2eebf6bb317f0537eb84ce3a2b0.png,3.5,0,0,0,262144,17009,38801,0,0,0,2297,222004,244177,2297,226,9
UQ_new_1abed7308f2fb2eebf6bb317f0537eb84ce3a2b0.png,4.0,0,0,0,262144,16764,38801,0,0,0,3140,221622,243961,3140,338,18
UQ_new_1abed7308f2fb2eebf6bb317f0537eb84ce3a2b0.png,4.5,0,0,0,262144,16414,38786,0,0,0,4846,220899,243343,4846,655,41
UQ_new_1abed7308f2fb2eebf6bb317f0537eb84ce3a2b0.png,5.0,0,0,0,262144,15837,38756,0,0,0,8199,219458,242038,8199,1171,71
UQ_new_1abed7308f2fb2eebf6bb317f0537eb84ce3a2b0.png,5.5,0,0,0,262144,14663,38708,0,0,0,15292,215577,240048,15292,2380,144
UQ_new_1abed7308f2fb2eebf6bb317f0537eb84ce3a2b0.png,6.0,0,0,0,262144,12697,38642,0,0,0,27969,207544,237436,27969,3975,150
UQ_new_1abed7308f2fb2eebf6bb317f0537eb84ce3a2b0.png,6.5,0,0,0,262144,9985,38581,0,0,0,46383,195185,234154,46383,6216,125
UQ_new_1abed7308f2fb2eebf6bb317f0537eb84ce3a2b0.png,7.0,0,0,0,262144,6904,38527,0,0,0,68669,179353,230835,68669,7995,116
UQ_new_1abed7308f2fb2eebf6bb317f0537eb84ce3a2b0.png,7.5,0,0,0,262144,4362,38487,0,0,0,93529,159630,228280,93529,9436,80
UQ_new_1abed7308f2fb2eebf6bb317f0537eb84ce3a2b0.png,8.0,0,0,0,262144,2787,38442,0,0,0,117675,138858,226526,117675,10019,47
UQ_new_1b84fe928ca9a49bab3a06ffa509d9ef0d98e7df.png,-2.0,0,0,0,262144,50622,71054,0,0,0,0,191090,211522,0,0,0
UQ_new_1b84fe928ca9a49bab3a06ffa509d9ef0d98e7df.png,-1.5,0,0,0,262144,50622,71054,0,0,0,0,191090,211522,0,0,0
UQ_new_1b84fe928ca9a49bab3a06ffa509d9ef0d98e7df.png,-1.0,0,0,0,262144,50622,71054,0,0,0,0,191090,211522,0,0,0
UQ_new_1b84fe928ca9a49bab3a06ffa509d9ef0d98e7df.png,-0.5,0,0,0,262144,50622,71054,0,0,0,0,191090,211522,0,0,0
UQ_new_1b84fe928ca9a49bab3a06ffa509d9ef0d98e7df.png,0.0,0,0,0,262144,50622,71054,0,0,0,36,191054,211522,36,17,1
UQ_new_1b84fe928ca9a49bab3a06ffa509d9ef0d98e7df.png,0.5,0,0,0,262144,50622,71054,0,0,0,89,191009,211514,89,23,1
UQ_new_1b84fe928ca9a49bab3a06ffa509d9ef0d98e7df.png,1.0,0,0,0,262144,50622,71054,0,0,0,190,190954,211468,190,36,2
UQ_new_1b84fe928ca9a49bab3a06ffa509d9ef0d98e7df.png,1.5,0,0,0,262144,50619,71054,0,0,0,330,190920,211365,330,49,2
UQ_new_1b84fe928ca9a49bab3a06ffa509d9ef0d98e7df.png,2.0,0,0,0,262144,50614,71054,0,0,0,516,190891,211213,516,62,3
UQ_new_1b84fe928ca9a49bab3a06ffa509d9ef0d98e7df.png,2.5,0,0,0,262144,50603,71052,0,0,0,763,190822,211048,763,75,5
UQ_new_1b84fe928ca9a49bab3a06ffa509d9ef0d98e7df.png,3.0,0,0,0,262144,50575,71036,0,0,0,1282,190531,210864,1282,146,11
UQ_new_1b84fe928ca9a49bab3a06ffa509d9ef0d98e7df.png,3.5,0,0,0,262144,50528,71004,0,0,0,2085,190030,210641,2085,293,20
UQ_new_1b84fe928ca9a49bab3a06ffa509d9ef0d98e7df.png,4.0,0,0,0,262144,50393,70958,0,0,0,3640,188915,210382,3640,514,35
UQ_new_1b84fe928ca9a49bab3a06ffa509d9ef0d98e7df.png,4.5,0,0,0,262144,50162,70824,0,0,0,6012,187339,209951,6012,873,58
UQ_new_1b84fe928ca9a49bab3a06ffa509d9ef0d98e7df.png,5.0,0,0,0,262144,49644,70584,0,0,0,10174,184629,209257,10174,1630,102
UQ_new_1b84fe928ca9a49bab3a06ffa509d9ef0d98e7df.png,5.5,0,0,0,262144,48544,70277,0,0,0,17111,180127,208229,17111,2707,148
UQ_new_1b84fe928ca9a49bab3a06ffa509d9ef0d98e7df.png,6.0,0,0,0,262144,46486,69894,0,0,0,28491,172899,206518,28491,4499,199
UQ_new_1b84fe928ca9a49bab3a06ffa509d9ef0d98e7df.png,6.5,0,0,0,262144,43285,69365,0,0,0,46044,161654,203940,46044,7093,228
UQ_new_1b84fe928ca9a49bab3a06ffa509d9ef0d98e7df.png,7.0,0,0,0,262144,38918,68824,0,0,0,70642,144512,201392,70642,9708,207
UQ_new_1b84fe928ca9a49bab3a06ffa509d9ef0d98e7df.png,7.5,0,0,0,262144,33498,68338,0,0,0,101426,121921,199105,101426,12250,175
UQ_new_1b84fe928ca9a49bab3a06ffa509d9ef0d98e7df.png,8.0,0,0,0,262144,27149,67988,0,0,0,136853,95079,197219,136853,14673,110
UQ_new_1c95521cd8139d535f8c2968721f40d6aba0dea6.png,-2.0,51313,6082,32,262144,6661,16775,31576,45094,7148,52936,148851,215247,8771,1498,42
UQ_new_1c95521cd8139d535f8c2968721f40d6aba0dea6.png,-1.5,51313,6082,32,262144,6660,16760,31569,45085,8891,53609,148215,213499,11187,1740,32
UQ_new_1c95521cd8139d535f8c2968721f40d6aba0dea6.png,-1.0,51313,6082,32,262144,6657,16746,31560,45070,10710,54392,147499,211654,13789,1911,33
UQ_new_1c95521cd8139d535f8c2968721f40d6aba0dea6.png,-0.5,51313,6082,32,262144,6650,16731,31552,45048,12654,55354,146615,209684,16695,2072,33
UQ_new_1c95521cd8139d535f8c2968721f40d6aba0dea6.png,0.0,51313,6082,32,262144,6642,16716,31541,45027,14690,56473,145575,207624,19850,2238,33
UQ_new_1c95521cd8139d535f8c2968721f40d6aba0dea6.png,0.5,51313,6082,32,262144,6629,16691,31525,44997,16517,57853,144292,205784,23057,2450,43
UQ_new_1c95521cd8139d535f8c2968721f40d6aba0dea6.png,1.0,51313,6082,32,262144,6619,16670,31513,44956,18667,59553,142676,203634,26907,2764,42
UQ_new_1c95521cd8139d535f8c2968721f40d6aba0dea6.png,1.5,51313,6082,32,262144,6606,16648,31495,44917,20698,61810,140530,201584,31195,3075,41
UQ_new_1c95521cd8139d535f8c2968721f40d6aba0dea6.png,2.0,51313,6082,32,262144,6591,16607,31470,44863,22695,64622,137940,199500,36004,3339,51
UQ_new_1c95521cd8139d535f8c2968721f40d6aba0dea6.png,2.5,51313,6082,32,262144,6582,16565,31437,44791,24800,68181,134677,197255,41668,3759,50
UQ_new_1c95521cd8139d535f8c2968721f40d6aba0dea6.png,3.0,51313,6082,32,262144,6568,16509,31383,44699,26876,72395,130851,195007,47958,4251,62
UQ_new_1c95521cd8139d535f8c2968721f40d6aba0dea6.png,3.5,51313,6082,32,262144,6540,16446,31298,44599,28947,77763,126019,192676,55397,4876,62
UQ_new_1c95521cd8139d535f8c2968721f40d6aba0dea6.png,4.0,51313,6082,32,262144,6497,16308,31149,44460,31248,84349,120241,190036,64284,5676,91
UQ_new_1c95521cd8139d535f8c2968721f40d6aba0dea6.png,4.5,51313,6082,32,262144,6422,16064,30898,44240,34206,92707,113036,186715,75600,6517,100
UQ_new_1c95521cd8139d535f8c2968721f40d6aba0dea6.png,5.0,51313,6082,32,262144,6306,15739,30560,43932,37545,103422,104101,182683,89654,7739,110
UQ_new_1c95521cd8139d535f8c2968721f40d6aba0dea6.png,5.5,51313,6082,32,262144,6120,15370,29988,43547,41035,116156,93792,178280,105878,9183,124
UQ_new_1c95521cd8139d535f8c2968721f40d6aba0dea6.png,6.0,51313,6082,32,262144,5876,14977,29146,43048,44489,131957,81234,173561,125133,10626,103
UQ_new_1c95521cd8139d535f8c2968721f40d6aba0dea6.png,6.5,51313,6082,32,262144,5541,14421,27956,42438,46931,149880,67546,169575,145498,12106,97
UQ_new_1c95521cd8139d535f8c2968721f40d6aba0dea6.png,7.0,51313,6082,32,262144,5116,13889,26275,41809,48533,168260,54118,166288,165480,13141,62
UQ_new_1c95521cd8139d535f8c2968721f40d6aba0dea6.png,7.5,51313,6082,32,262144,4600,13324,24099,41266,49724,186256,41456,163563,184667,13131,43
UQ_new_1c95521cd8139d535f8c2968721f40d6aba0dea6.png,8.0,51313,6082,32,262144,4021,12798,21340,40792,50438,202839,30304,161756,201964,12960,31
UQ_new_1d3932aceec079a07679b332dd7d3cd1c545d333.png,-2.0,8311,626,10,262144,7704,28801,10642,25321,0,8311,200029,243480,0,0,0
UQ_new_1d3932aceec079a07679b332dd7d3cd1c545d333.png,-1.5,8311,626,10,262144,7704,28801,10642,25321,0,8311,200029,243480,0,0,0
UQ_new_1d3932aceec079a07679b332dd7d3cd1c545d333.png,-1.0,8311,626,10,262144,7704,28801,10642,25321,0,8311,200029,243480,0,0,0
UQ_new_1d3932aceec079a07679b332dd7d3cd1c545d333.png,-0.5,8311,626,10,262144,7704,28801,10642,25321,0,8311,200029,243480,0,0,0
UQ_new_1d3932aceec079a07679b332dd7d3cd1c545d333.png,0.0,8311,626,10,262144,7704,28801,10642,25321,0,8318,200022,243480,7,3,2
UQ_new_1d3932aceec079a07679b332dd7d3cd1c545d333.png,0.5,8311,626,10,262144,7704,28801,10642,25321,0,8377,199963,243480,66,13,4
UQ_new_1d3932aceec079a07679b332dd7d3cd1c545d333.png,1.0,8311,626,10,262144,7704,28801,10642,25321,0,8543,199813,243464,232,40,8
UQ_new_1d3932aceec079a07679b332dd7d3cd1c545d333.png,1.5,8311,626,10,262144,7704,28800,10642,25321,0,8851,199527,243443,540,65,8
UQ_new_1d3932aceec079a07679b332dd7d3cd1c545d333.png,2.0,8311,626,10,262144,7704,28769,10642,25321,0,9390,199059,243403,1079,146,13
UQ_new_1d3932aceec079a07679b332dd7d3cd1c545d333.png,2.5,8311,626,10,262144,7704,28719,10642,25321,1,10260,198277,243364,1950,222,20
UQ_new_1d3932aceec079a07679b332dd7d3cd1c545d333.png,3.0,8311,626,10,262144,7695,28638,10642,25321,36,11913,196778,243265,3638,434,24
UQ_new_1d3932aceec079a07679b332dd7d3cd1c545d333.png,3.5,8311,626,10,262144,7686,28563,10642,25321,131,14592,194472,242881,6412,752,25
UQ_new_1d3932aceec079a07679b332dd7d3cd1c545d333.png,4.0,8311,626,10,262144,7677,28439,10639,25318,250,18214,191438,242313,10153,1115,41
UQ_new_1d3932aceec079a07679b332dd7d3cd1c545d333.png,4.5,8311,626,10,262144,7652,28194,10632,25311,435,23321,187094,241649,15445,1641,75
UQ_new_1d3932aceec079a07679b332dd7d3cd1c545d333.png,5.0,8311,626,10,262144,7602,27717,10591,25302,855,31286,180474,240461,23830,2626,100
UQ_new_1d3932aceec079a07679b332dd7d3cd1c545d333.png,5.5,8311,626,10,262144,7460,26829,10531,25276,1221,42619,171441,238911,35529,4113,142
UQ_new_1d3932aceec079a07679b332dd7d3cd1c545d333.png,6.0,8311,626,10,262144,7046,25247,10413,25219,1679,58665,158985,237034,52033,6109,176
UQ_new_1d3932aceec079a07679b332dd7d3cd1c545d333.png,6.5,8311,626,10,262144,6538,22794,10182,25099,2350,81631,141399,234295,75670,8831,216
UQ_new_1d3932aceec079a07679b332dd7d3cd1c545d333.png,7.0,8311,626,10,262144,5821,20344,9712,24943,3152,110144,119591,230581,104985,11361,191
UQ_new_1d3932aceec079a07679b332dd7d3cd1c545d333.png,7.5,8311,626,10,262144,4878,18653,8990,24739,3929,140166,96665,226268,135784,13039,97
UQ_new_1d3932aceec079a07679b332dd7d3cd1c545d333.png,8.0,8311,626,10,262144,3871,17475,8104,24503,5010,167896,75018,222411,164595,13475,78
UQ_new_1e1ec0541fba5e643012e7b85f00f9bc7a9af863.png,-2.0,0,0,0,262144,4921,29988,0,0,0,0,232156,257223,0,0,0
UQ_new_1e1ec0541fba5e643012e7b85f00f9bc7a9af863.png,-1.5,0,0,0,262144,4921,29988,0,0,0,0,232156,257223,0,0,0
UQ_new_1e1ec0541fba5e643012e7b85f00f9bc7a9af863.png,-1.0,0,0,0,262144,4921,29988,0,0,0,0,232156,257223,0,0,0
UQ_new_1e1ec0541fba5e643012e7b85f00f9bc7a9af863.png,-0.5,0,0,0,262144,4921,29988,0,0,0,0,232156,257223,0,0,0
UQ_new_1e1ec0541fba5e643012e7b85f00f9bc7a9af863.png,0.0,0,0,0,262144,4921,29988,0,0,0,0,232156,257223,0,0,0
UQ_new_1e1ec0541fba5e643012e7b85f00f9bc7a9af863.png,0.5,0,0,0,262144,4921,29988,0,0,0,0,232156,257223,0,0,0
UQ_new_1e1ec0541fba5e643012e7b85f00f9bc7a9af863.png,1.0,0,0,0,262144,4921,29988,0,0,0,0,232156,257223,0,0,0
UQ_new_1e1ec0541fba5e643012e7b85f00f9bc7a9af863.png,1.5,0,0,0,262144,4921,29988,0,0,0,0,232156,257223,0,0,0
UQ_new_1e1ec0541fba5e643012e7b85f00f9bc7a9af863.png,2.0,0,0,0,262144,4921,29988,0,0,0,0,232156,257223,0,0,0
UQ_new_1e1ec0541fba5e643012e7b85f00f9bc7a9af863.png,2.5,0,0,0,262144,4921,29988,0,0,0,1,232155,257223,1,1,1
UQ_new_1e1ec0541fba5e643012e7b85f00f9bc7a9af863.png,3.0,0,0,0,262144,4921,29988,0,0,0,12,232146,257221,12,5,1
UQ_new_1e1ec0541fba5e643012e7b85f00f9bc7a9af863.png,3.5,0,0,0,262144,4921,29988,0,0,0,35,232128,257216,35,6,2
UQ_new_1e1ec0541fba5e643012e7b85f00f9bc7a9af863.png,4.0,0,0,0,262144,4921,29988,0,0,0,112,232061,257206,112,17,2
UQ_new_1e1ec0541fba5e643012e7b85f00f9bc7a9af863.png,4.5,0,0,0,262144,4920,29987,0,0,0,328,231926,257127,328,80,12
UQ_new_1e1ec0541fba5e643012e7b85f00f9bc7a9af863.png,5.0,0,0,0,262144,4910,29986,0,0,0,975,231485,256932,975,208,28
UQ_new_1e1ec0541fba5e643012e7b85f00f9bc7a9af863.png,5.5,0,0,0,262144,4894,29986,0,0,0,2655,230192,256561,2655,532,57
UQ_new_1e1ec0541fba5e643012e7b85f00f9bc7a9af863.png,6.0,0,0,0,262144,4865,29978,0,0,0,6384,227279,255782,6384,1151,91
UQ_new_1e1ec0541fba5e643012e7b85f00f9bc7a9af863.png,6.5,0,0,0,262144,4786,29949,0,0,0,12504,222559,254490,12504,1929,102
UQ_new_1e1ec0541fba5e643012e7b85f00f9bc7a9af863.png,7.0,0,0,0,262144,4675,29890,0,0,0,22062,215016,252645,22062,3126,152
UQ_new_1e1ec0541fba5e643012e7b85f00f9bc7a9af863.png,7.5,0,0,0,262144,4378,29716,0,0,0,36910,203819,249465,36910,4974,208
UQ_new_1e1ec0541fba5e643012e7b85f00f9bc7a9af863.png,8.0,0,0,0,262144,3815,29461,0,0,0,58217,187444,245351,58217,7285,218
UQ_new_21c2571896c3ecc6940cfaf390c95e186f9c7856.png,-2.0,16711,2079,18,262144,57768,84002,39606,52843,445,16805,111740,161079,539,66,2
UQ_new_21c2571896c3ecc6940cfaf390c95e186f9c7856.png,-1.5,16711,2079,18,262144,57766,83985,39604,52841,508,16849,111736,160999,646,74,2
UQ_new_21c2571896c3ecc6940cfaf390c95e186f9c7856.png,-1.0,16711,2079,18,262144,57760,83965,39601,52840,545,16906,111727,160944,740,78,3
UQ_new_21c2571896c3ecc6940cfaf390c95e186f9c7856.png,-0.5,16711,2079,18,262144,57749,83950,39599,52840,574,16980,111720,160876,843,92,5
UQ_new_21c2571896c3ecc6940cfaf390c95e186f9c7856.png,0.0,16711,2079,18,262144,57736,83923,39595,52840,617,17115,111693,160769,1021,112,7
UQ_new_21c2571896c3ecc6940cfaf390c95e186f9c7856.png,0.5,16711,2079,18,262144,57722,83897,39592,52840,705,17248,111654,160630,1242,144,6
UQ_new_21c2571896c3ecc6940cfaf390c95e186f9c7856.png,1.0,16711,2079,18,262144,57704,83875,39587,52840,829,17404,111595,160454,1522,193,12
UQ_new_21c2571896c3ecc6940cfaf390c95e186f9c7856.png,1.5,16711,2079,18,262144,57674,83836,39581,52838,996,17671,111480,160212,1956,243,13
UQ_new_21c2571896c3ecc6940cfaf390c95e186f9c7856.png,2.0,16711,2079,18,262144,57628,83787,39573,52829,1197,18108,111234,159932,2594,337,20
UQ_new_21c2571896c3ecc6940cfaf390c95e186f9c7856.png,2.5,16711,2079,18,262144,57571,83743,39553,52823,1476,18793,110807,159522,3558,447,26
UQ_new_21c2571896c3ecc6940cfaf390c95e186f9c7856.png,3.0,16711,2079,18,262144,57471,83707,39522,52810,1929,19802,110186,158861,5020,645,35
UQ_new_21c2571896c3ecc6940cfaf390c95e186f9c7856.png,3.5,16711,2079,18,262144,57325,83635,39473,52783,2371,21611,109051,158039,7271,926,46
UQ_new_21c2571896c3ecc6940cfaf390c95e186f9c7856.png,4.0,16711,2079,18,262144,57124,83576,39410,52711,2937,24132,107389,157009,10358,1293,54
UQ_new_21c2571896c3ecc6940cfaf390c95e186f9c7856.png,4.5,16711,2079,18,262144,56777,83441,39304,52617,3668,27725,105149,155607,14682,1879,83
UQ_new_21c2571896c3ecc6940cfaf390c95e186f9c7856.png,5.0,16711,2079,18,262144,56235,83134,39120,52456,4733,33326,101555,153729,21348,2802,119
UQ_new_21c2571896c3ecc6940cfaf390c95e186f9c7856.png,5.5,16711,2079,18,262144,55510,82662,38792,52072,6104,41485,96171,151492,30878,4196,174
UQ_new_21c2571896c3ecc6940cfaf390c95e186f9c7856.png,6.0,16711,2079,18,262144,54473,81713,38175,51397,7582,54245,88310,148393,45116,6319,209
UQ_new_21c2571896c3ecc6940cfaf390c95e186f9c7856.png,6.5,16711,2079,18,262144,52982,80189,37255,50324,9384,71421,77876,144857,64094,8661,202
UQ_new_21c2571896c3ecc6940cfaf390c95e186f9c7856.png,7.0,16711,2079,18,262144,50917,78709,35967,49098,10917,91000,66116,141564,85206,10690,183
UQ_new_21c2571896c3ecc6940cfaf390c95e186f9c7856.png,7.5,16711,2079,18,262144,48155,77070,34353,47796,12212,112027,53793,138882,107528,12422,146
UQ_new_21c2571896c3ecc6940cfaf390c95e186f9c7856.png,8.0,16711,2079,18,262144,44645,75474,32452,46339,13498,132707,42682,136491,129494,13805,119
UQ_new_2346b905d4073f707de79e00193ebb29054e4381.png,-2.0,2997,225,4,262144,11164,24879,6732,8523,850,3250,225631,243259,1103,107,2
UQ_new_2346b905d4073f707de79e00193ebb29054e4381.png,-1.5,2997,225,4,262144,11164,24879,6732,8519,920,3315,225566,243193,1238,117,5
UQ_new_2346b905d4073f707de79e00193ebb29054e4381.png,-1.0,2997,225,4,262144,11164,24879,6732,8515,987,3514,225370,243127,1504,146,4
UQ_new_2346b905d4073f707de79e00193ebb29054e4381.png,-0.5,2997,225,4,262144,11164,24879,6732,8508,1048,3723,225165,243069,1774,155,4
UQ_new_2346b905d4073f707de79e00193ebb29054e4381.png,0.0,2997,225,4,262144,11164,24879,6732,8503,1114,3925,224968,243003,2042,169,3
UQ_new_2346b905d4073f707de79e00193ebb29054e4381.png,0.5,2997,225,4,262144,11164,24879,6732,8492,1181,4113,224790,242937,2297,181,5
UQ_new_2346b905d4073f707de79e00193ebb29054e4381.png,1.0,2997,225,4,262144,11162,24879,6732,8482,1242,4353,224566,242872,2598,205,6
UQ_new_2346b905d4073f707de79e00193ebb29054e4381.png,1.5,2997,225,4,262144,11158,24879,6732,8474,1305,4644,224309,242787,2952,247,7
UQ_new_2346b905d4073f707de79e00193ebb29054e4381.png,2.0,2997,225,4,262144,11155,24879,6732,8460,1358,5020,223971,242713,3381,279,7
UQ_new_2346b905d4073f707de79e00193ebb29054e4381.png,2.5,2997,225,4,262144,11148,24879,6730,8447,1397,5479,223567,242641,3879,322,10
UQ_new_2346b905d4073f707de79e00193ebb29054e4381.png,3.0,2997,225,4,262144,11141,24877,6725,8423,1454,6005,223129,242534,4462,365,12
UQ_new_2346b905d4073f707de79e00193ebb29054e4381.png,3.5,2997,225,4,262144,11134,24874,6723,8407,1526,6668,222573,242383,5197,417,16
UQ_new_2346b905d4073f707de79e00193ebb29054e4381.png,4.0,2997,225,4,262144,11119,24870,6712,8383,1626,7659,221784,242135,6288,537,22
UQ_new_2346b905d4073f707de79e00193ebb29054e4381.png,4.5,2997,225,4,262144,11083,24862,6704,8365,1730,9168,220608,241768,7901,656,27
UQ_new_2346b905d4073f707de79e00193ebb29054e4381.png,5.0,2997,225,4,262144,10988,24856,6689,8332,1837,11584,218871,241131,10424,1000,51
UQ_new_2346b905d4073f707de79e00193ebb29054e4381.png,5.5,2997,225,4,262144,10805,24838,6667,8302,1928,16083,215583,240082,15014,1633,79
UQ_new_2346b905d4073f707de79e00193ebb29054e4381.png,6.0,2997,225,4,262144,10485,24809,6627,8257,2112,22804,210626,238568,21919,2657,121
UQ_new_2346b905d4073f707de79e00193ebb29054e4381.png,6.5,2997,225,4,262144,9991,24752,6531,8201,2261,32578,203497,236477,31842,3902,153
UQ_new_2346b905d4073f707de79e00193ebb29054e4381.png,7.0,2997,225,4,262144,9353,24656,6375,8108,2371,45309,194269,233847,44683,5376,167
UQ_new_2346b905d4073f707de79e00193ebb29054e4381.png,7.5,2997,225,4,262144,8409,24590,6158,8013,2492,61887,181203,231536,61382,7002,141
UQ_new_2346b905d4073f707de79e00193ebb29054e4381.png,8.0,2997,225,4,262144,7092,24523,5882,7916,2622,81021,165625,229607,80646,8469,112
UQ_new_245d6e166e350dd372292f1c082632c681e69d33.png,-2.0,2484,215,4,262144,4752,13457,22712,33261,291,3074,212468,234273,881,156,5
UQ_new_245d6e166e350dd372292f1c082632c681e69d33.png,-1.5,2484,215,4,262144,4748,13457,22707,33261,368,3355,212222,234170,1239,167,5
UQ_new_245d6e166e350dd372292f1c082632c681e69d33.png,-1.0,2484,215,4,262144,4745,13457,22705,33261,435,3650,211959,234076,1601,207,10
UQ_new_245d6e166e350dd372292f1c082632c681e69d33.png,-0.5,2484,215,4,262144,4737,13457,22699,33261,534,4132,211545,233923,2182,260,8
UQ_new_245d6e166e350dd372292f1c082632c681e69d33.png,0.0,2484,215,4,262144,4727,13457,22697,33257,621,4653,211094,233782,2790,309,9
UQ_new_245d6e166e350dd372292f1c082632c681e69d33.png,0.5,2484,215,4,262144,4701,13456,22687,33240,673,5405,210450,233676,3594,362,11
UQ_new_245d6e166e350dd372292f1c082632c681e69d33.png,1.0,2484,215,4,262144,4680,13448,22674,33219,726,6199,209796,233546,4441,425,12
UQ_new_245d6e166e350dd372292f1c082632c681e69d33.png,1.5,2484,215,4,262144,4647,13442,22650,33183,790,7129,209078,233369,5435,504,11
UQ_new_245d6e166e350dd372292f1c082632c681e69d33.png,2.0,2484,215,4,262144,4579,13433,22622,33149,826,8304,208238,233137,6646,594,15
UQ_new_245d6e166e350dd372292f1c082632c681e69d33.png,2.5,2484,215,4,262144,4483,13425,22568,33130,853,9824,207118,232887,8193,681,21
UQ_new_245d6e166e350dd372292f1c082632c681e69d33.png,3.0,2484,215,4,262144,4358,13416,22510,33109,883,11704,205729,232579,10103,797,20
UQ_new_245d6e166e350dd372292f1c082632c681e69d33.png,3.5,2484,215,4,262144,4224,13408,22450,33085,921,13968,203960,232272,12405,984,30
UQ_new_245d6e166e350dd372292f1c082632c681e69d33.png,4.0,2484,215,4,262144,4060,13383,22391,33047,940,17686,200878,231903,16142,1391,54
UQ_new_245d6e166e350dd372292f1c082632c681e69d33.png,4.5,2484,215,4,262144,3924,13307,22272,32942,948,23339,196291,231265,21803,1939,71
UQ_new_245d6e166e350dd372292f1c082632c681e69d33.png,5.0,2484,215,4,262144,3745,13201,22092,32814,1001,31691,189538,230206,30208,2937,89
UQ_new_245d6e166e350dd372292f1c082632c681e69d33.png,5.5,2484,215,4,262144,3512,13100,21700,32678,1220,43212,180144,228722,41948,3949,101
UQ_new_245d6e166e350dd372292f1c082632c681e69d33.png,6.0,2484,215,4,262144,3208,12971,21223,32528,1380,57680,168279,227019,56576,5382,110
UQ_new_245d6e166e350dd372292f1c082632c681e69d33.png,6.5,2484,215,4,262144,2892,12859,20584,32380,1523,74521,154024,225505,73560,6719,130
UQ_new_245d6e166e350dd372292f1c082632c681e69d33.png,7.0,2484,215,4,262144,2542,12804,19770,32151,1755,97046,134720,223500,96317,8653,102
UQ_new_245d6e166e350dd372292f1c082632c681e69d33.png,7.5,2484,215,4,262144,2162,12760,18683,31895,2024,123847,111460,221457,123387,10448,67
UQ_new_245d6e166e350dd372292f1c082632c681e69d33.png,8.0,2484,215,4,262144,1766,12745,17422,31589,2198,152589,86247,219732,152303,11678,42
UQ_new_290af1c9fdcf71b10cebfd0a0f2f1d39dbbdeab8.png,-2.0,0,0,0,262144,232676,249453,0,96,0,102,12691,29270,102,11,1
UQ_new_290af1c9fdcf71b10cebfd0a0f2f1d39dbbdeab8.png,-1.5,0,0,0,262144,232655,249453,0,96,0,128,12691,29265,128,16,2
UQ_new_290af1c9fdcf71b10cebfd0a0f2f1d39dbbdeab8.png,-1.0,0,0,0,262144,232612,249453,0,96,0,173,12691,29263,173,27,1
UQ_new_290af1c9fdcf71b10cebfd0a0f2f1d39dbbdeab8.png,-0.5,0,0,0,262144,232575,249453,0,96,0,213,12691,29260,213,29,1
UQ_new_290af1c9fdcf71b10cebfd0a0f2f1d39dbbdeab8.png,0.0,0,0,0,262144,232544,249453,0,96,0,244,12691,29260,244,30,1
UQ_new_290af1c9fdcf71b10cebfd0a0f2f1d39dbbdeab8.png,0.5,0,0,0,262144,232507,249453,0,96,0,281,12691,29260,281,34,1
UQ_new_290af1c9fdcf71b10cebfd0a0f2f1d39dbbdeab8.png,1.0,0,0,0,262144,232457,249453,0,96,0,331,12691,29260,331,41,2
UQ_new_290af1c9fdcf71b10cebfd0a0f2f1d39dbbdeab8.png,1.5,0,0,0,262144,232403,249453,0,96,0,394,12691,29251,394,54,4
UQ_new_290af1c9fdcf71b10cebfd0a0f2f1d39dbbdeab8.png,2.0,0,0,0,262144,232323,249453,0,96,0,508,12689,29219,508,69,4
UQ_new_290af1c9fdcf71b10cebfd0a0f2f1d39dbbdeab8.png,2.5,0,0,0,262144,232215,249453,0,96,0,635,12677,29212,635,85,5
UQ_new_290af1c9fdcf71b10cebfd0a0f2f1d39dbbdeab8.png,3.0,0,0,0,262144,232069,249453,0,96,0,825,12648,29197,825,122,9
UQ_new_290af1c9fdcf71b10cebfd0a0f2f1d39dbbdeab8.png,3.5,0,0,0,262144,231816,249453,0,96,0,1308,12523,29092,1308,199,16
UQ_new_290af1c9fdcf71b10cebfd0a0f2f1d39dbbdeab8.png,4.0,0,0,0,262144,231420,249444,0,96,0,1995,12339,28994,1995,315,26
UQ_new_290af1c9fdcf71b10cebfd0a0f2f1d39dbbdeab8.png,4.5,0,0,0,262144,230805,249438,0,96,0,3076,12181,28692,3076,512,27
UQ_new_290af1c9fdcf71b10cebfd0a0f2f1d39dbbdeab8.png,5.0,0,0,0,262144,230060,249429,0,93,0,4354,12047,28305,4354,618,33
UQ_new_290af1c9fdcf71b10cebfd0a0f2f1d39dbbdeab8.png,5.5,0,0,0,262144,229051,249418,0,86,0,6204,11882,27647,6204,942,58
UQ_new_290af1c9fdcf71b10cebfd0a0f2f1d39dbbdeab8.png,6.0,0,0,0,262144,227481,249403,0,79,0,8983,11636,26706,8983,1360,72
UQ_new_290af1c9fdcf71b10cebfd0a0f2f1d39dbbdeab8.png,6.5,0,0,0,262144,225075,249383,0,63,0,12757,11400,25610,12757,1892,92
UQ_new_290af1c9fdcf71b10cebfd0a0f2f1d39dbbdeab8.png,7.0,0,0,0,262144,221445,249344,0,50,0,18377,11048,24024,18377,2789,103
UQ_new_290af1c9fdcf71b10cebfd0a0f2f1d39dbbdeab8.png,7.5,0,0,0,262144,216029,249291,0,45,0,26283,10389,22251,26283,3843,129
UQ_new_290af1c9fdcf71b10cebfd0a0f2f1d39dbbdeab8.png,8.0,0,0,0,262144,208676,249219,0,34,0,36510,9724,20125,36510,4999,142
UQ_new_299c25d0128c8e4c552898d334f9dfdd0b7ca81b.png,-2.0,0,0,0,262144,189059,225769,0,1224,0,574,35875,71787,574,71,5
UQ_new_299c25d0128c8e4c552898d334f9dfdd0b7ca81b.png,-1.5,0,0,0,262144,189026,225769,0,1224,0,835,35875,71559,835,87,5
UQ_new_299c25d0128c8e4c552898d334f9dfdd0b7ca81b.png,-1.0,0,0,0,262144,188975,225769,0,1224,0,1176,35875,71269,1176,108,4
UQ_new_299c25d0128c8e4c552898d334f9dfdd0b7ca81b.png,-0.5,0,0,0,262144,188944,225769,0,1224,0,1492,35875,70984,1492,123,7
UQ_new_299c25d0128c8e4c552898d334f9dfdd0b7ca81b.png,0.0,0,0,0,262144,188898,225769,0,1224,0,1934,35875,70588,1934,149,7
UQ_new_299c25d0128c8e4c552898d334f9dfdd0b7ca81b.png,0.5,0,0,0,262144,188838,225769,0,1224,0,2418,35875,70164,2418,183,8
UQ_new_299c25d0128c8e4c552898d334f9dfdd0b7ca81b.png,1.0,0,0,0,262144,188723,225769,0,1224,0,3012,35875,69685,3012,223,9
UQ_new_299c25d0128c8e4c552898d334f9dfdd0b7ca81b.png,1.5,0,0,0,262144,188577,225769,0,1224,0,3587,35875,69256,3587,234,7
UQ_new_299c25d0128c8e4c552898d334f9dfdd0b7ca81b.png,2.0,0,0,0,262144,188326,225769,0,1224,0,4398,35874,68697,4398,327,14
UQ_new_299c25d0128c8e4c552898d334f9dfdd0b7ca81b.png,2.5,0,0,0,262144,187998,225763,0,1223,0,5404,35832,68068,5404,452,14
UQ_new_299c25d0128c8e4c552898d334f9dfdd0b7ca81b.png,3.0,0,0,0,262144,187622,225758,0,1219,0,6555,35792,67342,6555,556,16
UQ_new_299c25d0128c8e4c552898d334f9dfdd0b7ca81b.png,3.5,0,0,0,262144,187117,225752,0,1209,0,7983,35743,66484,7983,704,17
UQ_new_299c25d0128c8e4c552898d334f9dfdd0b7ca81b.png,4.0,0,0,0,262144,186419,225747,0,1187,0,9637,35683,65615,9637,913,23
UQ_new_299c25d0128c8e4c552898d334f9dfdd0b7ca81b.png,4.5,0,0,0,262144,185363,225735,0,1147,0,11855,35557,64631,11855,1081,40
UQ_new_299c25d0128c8e4c552898d334f9dfdd0b7ca81b.png,5.0,0,0,0,262144,183636,225717,0,1083,0,15194,35246,63412,15194,1485,56
UQ_new_299c25d0128c8e4c552898d334f9dfdd0b7ca81b.png,5.5,0,0,0,262144,181433,225699,0,998,0,19544,34815,61799,19544,2165,76
UQ_new_299c25d0128c8e4c552898d334f9dfdd0b7ca81b.png,6.0,0,0,0,262144,178460,225658,0,857,0,25358,34086,59869,25358,2857,95
UQ_new_299c25d0128c8e4c552898d334f9dfdd0b7ca81b.png,6.5,0,0,0,262144,174734,225596,0,591,0,32883,33103,57381,32883,3751,111
UQ_new_299c25d0128c8e4c552898d334f9dfdd0b7ca81b.png,7.0,0,0,0,262144,169986,225508,0,378,0,42111,31999,54306,42111,4972,150
UQ_new_299c25d0128c8e4c552898d334f9dfdd0b7ca81b.png,7.5,0,0,0,262144,163922,225375,0,209,0,53433,30419,50930,53433,6376,166
UQ_new_299c25d0128c8e4c552898d334f9dfdd0b7ca81b.png,8.0,0,0,0,262144,157045,225210,0,119,0,66299,28442,47173,66299,7880,210
UQ_new_2accfac337baaafea1c2adb7e9dcfa0589e78668.png,-2.0,16538,1865,35,262144,4402,16615,20071,40497,3900,17074,189720,232009,4436,700,28
UQ_new_2accfac337baaafea1c2adb7e9dcfa0589e78668.png,-1.5,16538,1865,35,262144,4402,16613,20071,40497,4787,17523,189319,231076,5772,811,25
UQ_new_2accfac337baaafea1c2adb7e9dcfa0589e78668.png,-1.0,16538,1865,35,262144,4402,16612,20071,40496,5601,18118,188773,230215,7181,918,25
UQ_new_2accfac337baaafea1c2adb7e9dcfa0589e78668.png,-0.5,16538,1865,35,262144,4402,16609,20067,40494,6311,18913,188040,229452,8686,1015,28
UQ_new_2accfac337baaafea1c2adb7e9dcfa0589e78668.png,0.0,16538,1865,35,262144,4402,16605,20060,40487,7128,19873,187149,228584,10463,1153,27
UQ_new_2accfac337baaafea1c2adb7e9dcfa0589e78668.png,0.5,16538,1865,35,262144,4401,16602,20033,40480,7894,21143,186001,227734,12499,1332,31
UQ_new_2accfac337baaafea1c2adb7e9dcfa0589e78668.png,1.0,16538,1865,35,262144,4399,16583,20014,40464,8731,22788,184500,226809,14981,1509,34
UQ_new_2accfac337baaafea1c2adb7e9dcfa0589e78668.png,1.5,16538,1865,35,262144,4395,16558,19993,40441,9506,24852,182581,225962,17820,1753,36
UQ_new_2accfac337baaafea1c2adb7e9dcfa0589e78668.png,2.0,16538,1865,35,262144,4388,16500,19963,40411,10228,27594,180061,225143,21284,1976,42
UQ_new_2accfac337baaafea1c2adb7e9dcfa0589e78668.png,2.5,16538,1865,35,262144,4370,16425,19923,40372,10965,31014,176931,224288,25441,2237,51
UQ_new_2accfac337baaafea1c2adb7e9dcfa0589e78668.png,3.0,16538,1865,35,262144,4356,16299,19873,40308,11588,35618,172853,223393,30668,2700,48
UQ_new_2accfac337baaafea1c2adb7e9dcfa0589e78668.png,3.5,16538,1865,35,262144,4331,16074,19816,40217,12170,41148,168069,222463,36780,3136,44
UQ_new_2accfac337baaafea1c2adb7e9dcfa0589e78668.png,4.0,16538,1865,35,262144,4299,15809,19741,40098,12705,47469,162596,221571,43636,3697,57
UQ_new_2accfac337baaafea1c2adb7e9dcfa0589e78668.png,4.5,16538,1865,35,262144,4256,15460,19648,39903,13178,55470,155814,220559,52110,4485,78
UQ_new_2accfac337baaafea1c2adb7e9dcfa0589e78668.png,5.0,16538,1865,35,262144,4172,15118,19545,39634,13613,66334,146514,219358,63409,5611,102
UQ_new_2accfac337baaafea1c2adb7e9dcfa0589e78668.png,5.5,16538,1865,35,262144,4068,14835,19392,39232,14107,80703,134038,217913,78272,6763,107
UQ_new_2accfac337baaafea1c2adb7e9dcfa0589e78668.png,6.0,16538,1865,35,262144,3900,14556,19194,38679,14674,98156,118956,216173,96292,8340,133
UQ_new_2accfac337baaafea1c2adb7e9dcfa0589e78668.png,6.5,16538,1865,35,262144,3642,14130,18862,37854,15083,119620,100952,214145,118165,10140,129
UQ_new_2accfac337baaafea1c2adb7e9dcfa0589e78668.png,7.0,16538,1865,35,262144,3296,13497,18326,36847,15453,143978,80812,212079,142893,11634,125
UQ_new_2accfac337baaafea1c2adb7e9dcfa0589e78668.png,7.5,16538,1865,35,262144,2805,12792,17606,35855,15871,170428,58919,210012,169761,13347,87
UQ_new_2accfac337baaafea1c2adb7e9dcfa0589e78668.png,8.0,16538,1865,35,262144,2295,12062,16806,34801,16187,194605,39358,208174,194254,13749,37
UQ_new_2c504c8ad3f78f8ad7eb1df3ee60262e13418380.png,-2.0,0,0,0,262144,184878,210127,0,2025,0,428,51884,74946,428,32,1
UQ_new_2c504c8ad3f78f8ad7eb1df3ee60262e13418380.png,-1.5,0,0,0,262144,184870,210127,0,2025,0,495,51884,74887,495,33,1
UQ_new_2c504c8ad3f78f8ad7eb1df3ee60262e13418380.png,-1.0,0,0,0,262144,184842,210127,0,2025,0,564,51884,74846,564,34,1
UQ_new_2c504c8ad3f78f8ad7eb1df3ee60262e13418380.png,-0.5,0,0,0,262144,184799,210127,0,2025,0,646,51884,74807,646,40,1
UQ_new_2c504c8ad3f78f8ad7eb1df3ee60262e13418380.png,0.0,0,0,0,262144,184754,210127,0,2025,0,716,51884,74782,716,39,1
UQ_new_2c504c8ad3f78f8ad7eb1df3ee60262e13418380.png,0.5,0,0,0,262144,184713,210127,0,2025,0,784,51884,74755,784,46,1
UQ_new_2c504c8ad3f78f8ad7eb1df3ee60262e13418380.png,1.0,0,0,0,262144,184663,210127,0,2025,0,851,51884,74738,851,42,1
UQ_new_2c504c8ad3f78f8ad7eb1df3ee60262e13418380.png,1.5,0,0,0,262144,184610,210127,0,2025,0,920,51884,74722,920,44,2
UQ_new_2c504c8ad3f78f8ad7eb1df3ee60262e13418380.png,2.0,0,0,0,262144,184536,210127,0,2025,0,1036,51868,74696,1036,59,6
UQ_new_2c504c8ad3f78f8ad7eb1df3ee60262e13418380.png,2.5,0,0,0,262144,184432,210126,0,2025,0,1281,51772,74652,1281,108,13
UQ_new_2c504c8ad3f78f8ad7eb1df3ee60262e13418380.png,3.0,0,0,0,262144,184249,210124,0,2025,0,1880,51548,74462,1880,222,18
UQ_new_2c504c8ad3f78f8ad7eb1df3ee60262e13418380.png,3.5,0,0,0,262144,183930,210118,0,2018,0,2812,51220,74190,2812,336,18
UQ_new_2c504c8ad3f78f8ad7eb1df3ee60262e13418380.png,4.0,0,0,0,262144,183520,210108,0,1990,0,3858,50914,73898,3858,470,31
UQ_new_2c504c8ad3f78f8ad7eb1df3ee60262e13418380.png,4.5,0,0,0,262144,182862,210096,0,1941,0,5448,50500,73441,5448,704,39
UQ_new_2c504c8ad3f78f8ad7eb1df3ee60262e13418380.png,5.0,0,0,0,262144,181815,210089,0,1870,0,7711,49980,72823,7711,1056,56
UQ_new_2c504c8ad3f78f8ad7eb1df3ee60262e13418380.png,5.5,0,0,0,262144,180193,210068,0,1794,0,11055,49308,71870,11055,1600,102
UQ_new_2c504c8ad3f78f8ad7eb1df3ee60262e13418380.png,6.0,0,0,0,262144,177601,210022,0,1705,0,16118,48304,70538,16118,2489,150
UQ_new_2c504c8ad3f78f8ad7eb1df3ee60262e13418380.png,6.5,0,0,0,262144,173622,209876,0,1628,0,23694,46935,68533,23694,3897,217
UQ_new_2c504c8ad3f78f8ad7eb1df3ee60262e13418380.png,7.0,0,0,0,262144,167626,209626,0,1506,0,35119,44574,65837,35119,5993,249
UQ_new_2c504c8ad3f78f8ad7eb1df3ee60262e13418380.png,7.5,0,0,0,262144,159689,209364,0,1297,0,49466,41440,63032,49466,7999,236
UQ_new_2c504c8ad3f78f8ad7eb1df3ee60262e13418380.png,8.0,0,0,0,262144,149763,209099,0,1061,0,66641,37406,60318,66641,9980,251
UQ_new_2c7d4d68d9e9b0525f5c9df58841fafa8bc3f62c.png,-2.0,4974,563,11,262144,8831,25825,36034,47716,1178,5587,183499,215618,1791,257,9
UQ_new_2c7d4d68d9e9b0525f5c9df58841fafa8bc3f62c.png,-1.5,4974,563,11,262144,8821,25803,36032,47713,1319,5829,183272,215499,2174,293,8
UQ_new_2c7d4d68d9e9b0525f5c9df58841fafa8bc3f62c.png,-1.0,4974,563,11,262144,8814,25787,36029,47711,1472,6127,182987,215361,2625,329,11
UQ_new_2c7d4d68d9e9b0525f5c9df58841fafa8bc3f62c.png,-0.5,4974,563,11,262144,8800,25767,36025,47708,1600,6604,182537,215247,3230,360,13
UQ_new_2c7d4d68d9e9b0525f5c9df58841fafa8bc3f62c.png,0.0,4974,563,11,262144,8791,25737,36021,47705,1742,7228,181937,215127,3996,442,14
UQ_new_2c7d4d68d9e9b0525f5c9df58841fafa8bc3f62c.png,0.5,4974,563,11,262144,8771,25717,36013,47700,1880,8102,181102,215003,5008,506,17
UQ_new_2c7d4d68d9e9b0525f5c9df58841fafa8bc3f62c.png,1.0,4974,563,11,262144,8757,25692,36003,47693,2024,9151,180095,214873,6201,597,17
UQ_new_2c7d4d68d9e9b0525f5c9df58841fafa8bc3f62c.png,1.5,4974,563,11,262144,8728,25658,35988,47683,2159,10500,178840,214732,7685,775,22
UQ_new_2c7d4d68d9e9b0525f5c9df58841fafa8bc3f62c.png,2.0,4974,563,11,262144,8700,25608,35974,47674,2300,12055,177412,214565,9381,863,28
UQ_new_2c7d4d68d9e9b0525f5c9df58841fafa8bc3f62c.png,2.5,4974,563,11,262144,8654,25543,35935,47669,2466,14103,175598,214320,11595,1070,36
UQ_new_2c7d4d68d9e9b0525f5c9df58841fafa8bc3f62c.png,3.0,4974,563,11,262144,8600,25483,35879,47665,2655,16586,173459,213961,14267,1272,28
UQ_new_2c7d4d68d9e9b0525f5c9df58841fafa8bc3f62c.png,3.5,4974,563,11,262144,8529,25387,35807,47649,2807,19626,170879,213604,17459,1577,45
UQ_new_2c7d4d68d9e9b0525f5c9df58841fafa8bc3f62c.png,4.0,4974,563,11,262144,8415,25236,35713,47622,2932,23750,167403,213217,21708,2074,56
UQ_new_2c7d4d68d9e9b0525f5c9df58841fafa8bc3f62c.png,4.5,4974,563,11,262144,8278,24973,35552,47581,3132,29730,162512,212530,27888,2695,73
UQ_new_2c7d4d68d9e9b0525f5c9df58841fafa8bc3f62c.png,5.0,4974,563,11,262144,8121,24455,35232,47480,3378,38084,155777,211761,36488,3573,79
UQ_new_2c7d4d68d9e9b0525f5c9df58841fafa8bc3f62c.png,5.5,4974,563,11,262144,7913,23532,34829,47286,3724,48768,147549,210687,47518,4639,121
UQ_new_2c7d4d68d9e9b0525f5c9df58841fafa8bc3f62c.png,6.0,4974,563,11,262144,7699,22499,34265,46923,4084,61973,137118,209727,61083,5890,160
UQ_new_2c7d4d68d9e9b0525f5c9df58841fafa8bc3f62c.png,6.5,4974,563,11,262144,7375,21215,33475,46294,4295,80819,121950,208865,80140,7967,163
UQ_new_2c7d4d68d9e9b0525f5c9df58841fafa8bc3f62c.png,7.0,4974,563,11,262144,6923,19493,32487,45507,4453,102275,105272,207878,101754,9676,141
UQ_new_2c7d4d68d9e9b0525f5c9df58841fafa8bc3f62c.png,7.5,4974,563,11,262144,6326,17454,31248,44688,4683,127850,85198,206841,127559,11461,99
UQ_new_2c7d4d68d9e9b0525f5c9df58841fafa8bc3f62c.png,8.0,4974,563,11,262144,5640,15626,29696,43875,4881,153782,64596,206192,153689,12494,54
UQ_new_2ea386ff1f8208104e2284575e0d196dd1ea829a.png,-2.0,187,22,1,262144,111698,129822,0,0,77,197,132149,150345,87,18,1
UQ_new_2ea386ff1f8208104e2284575e0d196dd1ea829a.png,-1.5,187,22,1,262144,111698,129822,0,0,89,203,132146,150330,105,20,1
UQ_new_2ea386ff1f8208104e2284575e0d196dd1ea829a.png,-1.0,187,22,1,262144,111698,129822,0,0,98,214,132138,150318,125,20,1
UQ_new_2ea386ff1f8208104e2284575e0d196dd1ea829a.png,-0.5,187,22,1,262144,111698,129822,0,0,114,230,132124,150300,157,20,1
UQ_new_2ea386ff1f8208104e2284575e0d196dd1ea829a.png,0.0,187,22,1,262144,111698,129822,0,0,125,260,132100,150283,198,35,2
UQ_new_2ea386ff1f8208104e2284575e0d196dd1ea829a.png,0.5,187,22,1,262144,111698,129822,0,0,134,314,132050,150270,261,42,2
UQ_new_2ea386ff1f8208104e2284575e0d196dd1ea829a.png,1.0,187,22,1,262144,111698,129822,0,0,145,367,132002,150254,325,50,4
UQ_new_2ea386ff1f8208104e2284575e0d196dd1ea829a.png,1.5,187,22,1,262144,111698,129820,0,0,154,476,131910,150230,443,77,5
UQ_new_2ea386ff1f8208104e2284575e0d196dd1ea829a.png,2.0,187,22,1,262144,111695,129818,0,0,164,672,131735,150204,649,103,5
UQ_new_2ea386ff1f8208104e2284575e0d196dd1ea829a.png,2.5,187,22,1,262144,111691,129813,0,0,173,910,131526,150175,896,143,7
UQ_new_2ea386ff1f8208104e2284575e0d196dd1ea829a.png,3.0,187,22,1,262144,111686,129808,0,0,177,1259,131227,150131,1249,200,8
UQ_new_2ea386ff1f8208104e2284575e0d196dd1ea829a.png,3.5,187,22,1,262144,111675,129801,0,0,181,1795,130819,150017,1789,260,10
UQ_new_2ea386ff1f8208104e2284575e0d196dd1ea829a.png,4.0,187,22,1,262144,111664,129797,0,0,182,2443,130319,149883,2438,326,13
UQ_new_2ea386ff1f8208104e2284575e0d196dd1ea829a.png,4.5,187,22,1,262144,111642,129791,0,0,183,3344,129640,149688,3340,447,23
UQ_new_2ea386ff1f8208104e2284575e0d196dd1ea829a.png,5.0,187,22,1,262144,111593,129788,0,0,186,4860,128516,149345,4859,635,28
UQ_new_2ea386ff1f8208104e2284575e0d196dd1ea829a.png,5.5,187,22,1,262144,111522,129769,0,0,186,6914,126946,148951,6913,944,33
UQ_new_2ea386ff1f8208104e2284575e0d196dd1ea829a.png,6.0,187,22,1,262144,111356,129733,0,0,187,9305,125172,148535,9305,1341,72
UQ_new_2ea386ff1f8208104e2284575e0d196dd1ea829a.png,6.5,187,22,1,262144,111044,129670,0,0,187,13376,122092,147919,13376,2017,122
UQ_new_2ea386ff1f8208104e2284575e0d196dd1ea829a.png,7.0,187,22,1,262144,110433,129558,0,0,187,19423,117750,146937,19423,3013,160
UQ_new_2ea386ff1f8208104e2284575e0d196dd1ea829a.png,7.5,187,22,1,262144,109580,129367,0,0,187,27327,112163,145664,27327,4274,242
UQ_new_2ea386ff1f8208104e2284575e0d196dd1ea829a.png,8.0,187,22,1,262144,108217,128990,0,0,187,38519,104276,144099,38519,6255,293
UQ_new_2f4ba69491be5bec0df7acc4db84dd564dff8c66.png,-2.0,0,0,0,262144,139616,155308,0,0,0,0,106836,122528,0,0,0
UQ_new_2f4ba69491be5bec0df7acc4db84dd564dff8c66.png,-1.5,0,0,0,262144,139616,155308,0,0,0,0,106836,122528,0,0,0
UQ_new_2f4ba69491be5bec0df7acc4db84dd564dff8c66.png,-1.0,0,0,0,262144,139616,155308,0,0,0,0,106836,122528,0,0,0
UQ_new_2f4ba69491be5bec0df7acc4db84dd564dff8c66.png,-0.5,0,0,0,262144,139616,155308,0,0,0,0,106836,122528,0,0,0
UQ_new_2f4ba69491be5bec0df7acc4db84dd564dff8c66.png,0.0,0,0,0,262144,139616,155308,0,0,0,12,106824,122528,12,4,1
UQ_new_2f4ba69491be5bec0df7acc4db84dd564dff8c66.png,0.5,0,0,0,262144,139616,155308,0,0,0,41,106795,122528,41,10,3
UQ_new_2f4ba69491be5bec0df7acc4db84dd564dff8c66.png,1.0,0,0,0,262144,139616,155308,0,0,0,101,106735,122528,101,20,1
UQ_new_2f4ba69491be5bec0df7acc4db84dd564dff8c66.png,1.5,0,0,0,262144,139616,155308,0,0,0,166,106670,122528,166,17,1
UQ_new_2f4ba69491be5bec0df7acc4db84dd564dff8c66.png,2.0,0,0,0,262144,139616,155308,0,0,0,234,106603,122527,234,21,1
UQ_new_2f4ba69491be5bec0df7acc4db84dd564dff8c66.png,2.5,0,0,0,262144,139616,155308,0,0,0,298,106540,122526,298,19,1
UQ_new_2f4ba69491be5bec0df7acc4db84dd564dff8c66.png,3.0,0,0,0,262144,139616,155308,0,0,0,369,106474,122521,369,24,1
UQ_new_2f4ba69491be5bec0df7acc4db84dd564dff8c66.png,3.5,0,0,0,262144,139615,155308,0,0,0,448,106399,122518,448,31,1
UQ_new_2f4ba69491be5bec0df7acc4db84dd564dff8c66.png,4.0,0,0,0,262144,139612,155308,0,0,0,531,106321,122516,531,43,1
UQ_new_2f4ba69491be5bec0df7acc4db84dd564dff8c66.png,4.5,0,0,0,262144,139608,155308,0,0,0,645,106212,122515,645,58,2
UQ_new_2f4ba69491be5bec0df7acc4db84dd564dff8c66.png,5.0,0,0,0,262144,139604,155307,0,0,0,875,105991,122511,875,83,8
UQ_new_2f4ba69491be5bec0df7acc4db84dd564dff8c66.png,5.5,0,0,0,262144,139601,155304,0,0,0,1272,105615,122496,1272,146,14
UQ_new_2f4ba69491be5bec0df7acc4db84dd564dff8c66.png,6.0,0,0,0,262144,139583,155288,0,0,0,2137,104852,122428,2137,318,27
UQ_new_2f4ba69491be5bec0df7acc4db84dd564dff8c66.png,6.5,0,0,0,262144,139533,155238,0,0,0,4003,103273,122241,4003,661,56
UQ_new_2f4ba69491be5bec0df7acc4db84dd564dff8c66.png,7.0,0,0,0,262144,139438,155090,0,0,0,7042,100835,121883,7042,1192,89
UQ_new_2f4ba69491be5bec0df7acc4db84dd564dff8c66.png,7.5,0,0,0,262144,139186,154855,0,0,0,11935,97031,121281,11935,1991,110
UQ_new_2f4ba69491be5bec0df7acc4db84dd564dff8c66.png,8.0,0,0,0,262144,138698,154602,0,0,0,18604,91895,120489,18604,3183,158
UQ_new_35aa168f96c8737d3152b14390577a2bb360abcf.png,-2.0,0,0,0,262144,177038,209220,0,0,0,0,52924,85106,0,0,0
UQ_new_35aa168f96c8737d3152b14390577a2bb360abcf.png,-1.5,0,0,0,262144,177038,209220,0,0,0,0,52924,85106,0,0,0
UQ_new_35aa168f96c8737d3152b14390577a2bb360abcf.png,-1.0,0,0,0,262144,177038,209220,0,0,0,0,52924,85106,0,0,0
UQ_new_35aa168f96c8737d3152b14390577a2bb360abcf.png,-0.5,0,0,0,262144,177037,209220,0,0,0,1,52924,85106,1,1,1
UQ_new_35aa168f96c8737d3152b14390577a2bb360abcf.png,0.0,0,0,0,262144,177014,209220,0,0,0,25,52924,85105,25,11,3
UQ_new_35aa168f96c8737d3152b14390577a2bb360abcf.png,0.5,0,0,0,262144,176979,209220,0,0,0,77,52924,85088,77,24,4
UQ_new_35aa168f96c8737d3152b14390577a2bb360abcf.png,1.0,0,0,0,262144,176939,209220,0,0,0,180,52924,85025,180,47,4
UQ_new_35aa168f96c8737d3152b14390577a2bb360abcf.png,1.5,0,0,0,262144,176866,209220,0,0,0,309,52924,84969,309,58,5
UQ_new_35aa168f96c8737d3152b14390577a2bb360abcf.png,2.0,0,0,0,262144,176793,209220,0,0,0,474,52922,84879,474,77,8
UQ_new_35aa168f96c8737d3152b14390577a2bb360abcf.png,2.5,0,0,0,262144,176696,209220,0,0,0,660,52909,84803,660,104,7
UQ_new_35aa168f96c8737d3152b14390577a2bb360abcf.png,3.0,0,0,0,262144,176574,209220,0,0,0,951,52884,84659,951,165,16
UQ_new_35aa168f96c8737d3152b14390577a2bb360abcf.png,3.5,0,0,0,262144,176339,209218,0,0,0,1577,52755,84399,1577,301,28
UQ_new_35aa168f96c8737d3152b14390577a2bb360abcf.png,4.0,0,0,0,262144,175972,209217,0,0,0,2793,52481,83825,2793,550,50
UQ_new_35aa168f96c8737d3152b14390577a2bb360abcf.png,4.5,0,0,0,262144,175422,209203,0,0,0,4929,51847,82887,4929,965,73
UQ_new_35aa168f96c8737d3152b14390577a2bb360abcf.png,5.0,0,0,0,262144,174512,209166,0,0,0,7922,50994,81694,7922,1422,78
UQ_new_35aa168f96c8737d3152b14390577a2bb360abcf.png,5.5,0,0,0,262144,173141,209107,0,0,0,12097,49570,80373,12097,2058,88
UQ_new_35aa168f96c8737d3152b14390577a2bb360abcf.png,6.0,0,0,0,262144,171233,208997,0,0,0,17474,47960,78624,17474,2809,128
UQ_new_35aa168f96c8737d3152b14390577a2bb360abcf.png,6.5,0,0,0,262144,168492,208887,0,0,0,24946,45683,76280,24946,3999,167
UQ_new_35aa168f96c8737d3152b14390577a2bb360abcf.png,7.0,0,0,0,262144,164276,208722,0,0,0,34895,42576,73819,34895,5455,185
UQ_new_35aa168f96c8737d3152b14390577a2bb360abcf.png,7.5,0,0,0,262144,158790,208510,0,0,0,46983,38987,71018,46983,7084,212
UQ_new_35aa168f96c8737d3152b14390577a2bb360abcf.png,8.0,0,0,0,262144,151868,208243,0,0,0,61994,34660,67523,61994,8931,214
UQ_new_38a9e59dcd1d26c5db15c569239d2ac53f4fda62.png,-2.0,411,53,2,262144,55912,72470,0,0,0,411,189263,206232,0,0,0
UQ_new_38a9e59dcd1d26c5db15c569239d2ac53f4fda62.png,-1.5,411,53,2,262144,55912,72470,0,0,0,411,189263,206232,0,0,0
UQ_new_38a9e59dcd1d26c5db15c569239d2ac53f4fda62.png,-1.0,411,53,2,262144,55912,72470,0,0,0,419,189255,206232,8,5,1
UQ_new_38a9e59dcd1d26c5db15c569239d2ac53f4fda62.png,-0.5,411,53,2,262144,55912,72470,0,0,0,446,189228,206232,35,8,1
UQ_new_38a9e59dcd1d26c5db15c569239d2ac53f4fda62.png,0.0,411,53,2,262144,55912,72469,0,0,0,468,189207,206232,57,11,1
UQ_new_38a9e59dcd1d26c5db15c569239d2ac53f4fda62.png,0.5,411,53,2,262144,55912,72466,0,0,0,503,189175,206232,92,19,2
UQ_new_38a9e59dcd1d26c5db15c569239d2ac53f4fda62.png,1.0,411,53,2,262144,55912,72461,0,0,0,556,189127,206232,145,31,2
UQ_new_38a9e59dcd1d26c5db15c569239d2ac53f4fda62.png,1.5,411,53,2,262144,55912,72450,0,0,0,597,189097,206232,186,32,2
UQ_new_38a9e59dcd1d26c5db15c569239d2ac53f4fda62.png,2.0,411,53,2,262144,55910,72437,0,0,0,666,189043,206232,255,39,4
UQ_new_38a9e59dcd1d26c5db15c569239d2ac53f4fda62.png,2.5,411,53,2,262144,55905,72404,0,0,0,787,188965,206227,376,58,4
UQ_new_38a9e59dcd1d26c5db15c569239d2ac53f4fda62.png,3.0,411,53,2,262144,55896,72361,0,0,0,919,188891,206221,508,72,6
UQ_new_38a9e59dcd1d26c5db15c569239d2ac53f4fda62.png,3.5,411,53,2,262144,55880,72326,0,0,0,1188,188756,206138,777,112,9
UQ_new_38a9e59dcd1d26c5db15c569239d2ac53f4fda62.png,4.0,411,53,2,262144,55850,72276,0,0,0,1558,188610,205994,1147,165,13
UQ_new_38a9e59dcd1d26c5db15c569239d2ac53f4fda62.png,4.5,411,53,2,262144,55811,72225,0,0,0,2079,188346,205827,1668,240,11
UQ_new_38a9e59dcd1d26c5db15c569239d2ac53f4fda62.png,5.0,411,53,2,262144,55760,72176,0,0,0,2688,187956,205708,2277,340,27
UQ_new_38a9e59dcd1d26c5db15c569239d2ac53f4fda62.png,5.5,411,53,2,262144,55666,72129,0,0,13,3865,187047,205568,3467,539,34
UQ_new_38a9e59dcd1d26c5db15c569239d2ac53f4fda62.png,6.0,411,53,2,262144,55524,72067,0,0,50,5657,185670,205320,5296,836,59
UQ_new_38a9e59dcd1d26c5db15c569239d2ac53f4fda62.png,6.5,411,53,2,262144,55242,71993,0,0,116,9260,182859,204818,8965,1480,107
UQ_new_38a9e59dcd1d26c5db15c569239d2ac53f4fda62.png,7.0,411,53,2,262144,54779,71863,0,0,251,15585,178012,203798,15425,2669,187
UQ_new_38a9e59dcd1d26c5db15c569239d2ac53f4fda62.png,7.5,411,53,2,262144,53871,71686,0,0,354,26126,169989,202262,26069,4475,250
UQ_new_38a9e59dcd1d26c5db15c569239d2ac53f4fda62.png,8.0,411,53,2,262144,52382,71340,0,0,383,41599,158327,200257,41571,6993,302
UQ_new_3b37777e6227ace46cca0269e0eade02b62443fd.png,-2.0,23406,2518,23,262144,29230,53592,9759,14835,468,23428,171174,221802,490,76,6
UQ_new_3b37777e6227ace46cca0269e0eade02b62443fd.png,-1.5,23406,2518,23,262144,29230,53590,9759,14833,636,23452,171156,221632,682,97,5
UQ_new_3b37777e6227ace46cca0269e0eade02b62443fd.png,-1.0,23406,2518,23,262144,29230,53587,9759,14829,804,23491,171128,221460,889,122,6
UQ_new_3b37777e6227ace46cca0269e0eade02b62443fd.png,-0.5,23406,2518,23,262144,29230,53582,9759,14827,998,23570,171062,221260,1162,168,9
UQ_new_3b37777e6227ace46cca0269e0eade02b62443fd.png,0.0,23406,2518,23,262144,29230,53568,9759,14821,1327,23673,170975,220935,1594,222,10
UQ_new_3b37777e6227ace46cca0269e0eade02b62443fd.png,0.5,23406,2518,23,262144,29230,53546,9759,14817,1669,23817,170860,220590,2080,280,11
UQ_new_3b37777e6227ace46cca0269e0eade02b62443fd.png,1.0,23406,2518,23,262144,29228,53523,9759,14811,2111,24078,170621,220157,2783,341,13
UQ_new_3b37777e6227ace46cca0269e0eade02b62443fd.png,1.5,23406,2518,23,262144,29221,53498,9759,14806,2601,24555,170188,219660,3750,442,19
UQ_new_3b37777e6227ace46cca0269e0eade02b62443fd.png,2.0,23406,2518,23,262144,29201,53465,9758,14799,3153,25163,169650,219099,4910,495,21
UQ_new_3b37777e6227ace46cca0269e0eade02b62443fd.png,2.5,23406,2518,23,262144,29177,53427,9756,14791,3768,25849,169050,218470,6211,602,23
UQ_new_3b37777e6227ace46cca0269e0eade02b62443fd.png,3.0,23406,2518,23,262144,29122,53378,9747,14780,4445,26741,168331,217744,7780,710,28
UQ_new_3b37777e6227ace46cca0269e0eade02b62443fd.png,3.5,23406,2518,23,262144,29046,53334,9736,14773,5094,27986,167336,216983,9674,894,41
UQ_new_3b37777e6227ace46cca0269e0eade02b62443fd.png,4.0,23406,2518,23,262144,28955,53273,9709,14763,5957,30163,165632,215836,12714,1247,56
UQ_new_3b37777e6227ace46cca0269e0eade02b62443fd.png,4.5,23406,2518,23,262144,28838,53158,9667,14753,7168,33435,163142,214127,17197,1763,52
UQ_new_3b37777e6227ace46cca0269e0eade02b62443fd.png,5.0,23406,2518,23,262144,28664,53054,9612,14722,8637,37653,159747,212199,22884,2416,73
UQ_new_3b37777e6227ace46cca0269e0eade02b62443fd.png,5.5,23406,2518,23,262144,28407,52874,9516,14682,10240,44060,154814,209695,30894,3450,133
UQ_new_3b37777e6227ace46cca0269e0eade02b62443fd.png,6.0,23406,2518,23,262144,27979,52559,9371,14610,12270,53576,147561,206362,42440,5021,168
UQ_new_3b37777e6227ace46cca0269e0eade02b62443fd.png,6.5,23406,2518,23,262144,27393,51992,9138,14418,14080,66682,137867,202718,57356,6928,205
UQ_new_3b37777e6227ace46cca0269e0eade02b62443fd.png,7.0,23406,2518,23,262144,26416,51124,8771,14138,15984,83662,125566,198627,76240,9198,197
UQ_new_3b37777e6227ace46cca0269e0eade02b62443fd.png,7.5,23406,2518,23,262144,24911,50030,8332,13815,17918,103834,110898,194550,98346,11156,179
UQ_new_3b37777e6227ace46cca0269e0eade02b62443fd.png,8.0,23406,2518,23,262144,23094,48657,7785,13441,19502,126221,94457,191131,122317,13236,159
UQ_new_3c66d8ee3275cda1d27419667f83b46cda0dc40c.png,-2.0,1426,130,4,262144,101072,111736,0,71,0,1426,148998,160985,0,0,0
UQ_new_3c66d8ee3275cda1d27419667f83b46cda0dc40c.png,-1.5,1426,130,4,262144,101072,111736,0,71,0,1426,148998,160985,0,0,0
UQ_new_3c66d8ee3275cda1d27419667f83b46cda0dc40c.png,-1.0,1426,130,4,262144,101072,111736,0,71,1,1426,148998,160984,1,1,1
UQ_new_3c66d8ee3275cda1d27419667f83b46cda0dc40c.png,-0.5,1426,130,4,262144,101072,111736,0,71,11,1426,148998,160974,11,4,1
UQ_new_3c66d8ee3275cda1d27419667f83b46cda0dc40c.png,0.0,1426,130,4,262144,101072,111736,0,71,35,1426,148998,160950,35,6,1
UQ_new_3c66d8ee3275cda1d27419667f83b46cda0dc40c.png,0.5,1426,130,4,262144,101072,111736,0,71,59,1431,148993,160926,64,10,2
UQ_new_3c66d8ee3275cda1d27419667f83b46cda0dc40c.png,1.0,1426,130,4,262144,101072,111736,0,71,82,1457,148967,160903,113,10,1
UQ_new_3c66d8ee3275cda1d27419667f83b46cda0dc40c.png,1.5,1426,130,4,262144,101072,111736,0,71,102,1531,148894,160882,207,22,2
UQ_new_3c66d8ee3275cda1d27419667f83b46cda0dc40c.png,2.0,1426,130,4,262144,101072,111736,0,71,122,1607,148818,160862,303,28,2
UQ_new_3c66d8ee3275cda1d27419667f83b46cda0dc40c.png,2.5,1426,130,4,262144,101072,111736,0,71,135,1679,148746,160849,388,35,2
UQ_new_3c66d8ee3275cda1d27419667f83b46cda0dc40c.png,3.0,1426,130,4,262144,101072,111736,0,71,149,1769,148657,160834,492,34,4
UQ_new_3c66d8ee3275cda1d27419667f83b46cda0dc40c.png,3.5,1426,130,4,262144,101072,111736,0,71,166,1870,148557,160816,610,38,4
UQ_new_3c66d8ee3275cda1d27419667f83b46cda0dc40c.png,4.0,1426,130,4,262144,101072,111736,0,71,180,2015,148414,160800,769,63,5
UQ_new_3c66d8ee3275cda1d27419667f83b46cda0dc40c.png,4.5,1426,130,4,262144,101072,111732,0,71,210,2233,148204,160766,1017,93,7
UQ_new_3c66d8ee3275cda1d27419667f83b46cda0dc40c.png,5.0,1426,130,4,262144,101071,111716,0,71,276,2547,147921,160686,1397,138,8
UQ_new_3c66d8ee3275cda1d27419667f83b46cda0dc40c.png,5.5,1426,130,4,262144,101061,111692,0,71,354,2995,147544,160571,1923,187,13
UQ_new_3c66d8ee3275cda1d27419667f83b46cda0dc40c.png,6.0,1426,130,4,262144,101039,111661,0,69,493,3639,146979,160408,2706,306,26
UQ_new_3c66d8ee3275cda1d27419667f83b46cda0dc40c.png,6.5,1426,130,4,262144,101010,111620,0,58,675,4714,146032,160179,3963,489,30
UQ_new_3c66d8ee3275cda1d27419667f83b46cda0dc40c.png,7.0,1426,130,4,262144,100929,111552,0,36,776,6454,144547,159994,5804,796,45
UQ_new_3c66d8ee3275cda1d27419667f83b46cda0dc40c.png,7.5,1426,130,4,262144,100772,111455,0,20,824,8858,142594,159765,8256,1165,79
UQ_new_3c66d8ee3275cda1d27419667f83b46cda0dc40c.png,8.0,1426,130,4,262144,100398,111285,0,0,870,12560,139815,159360,12004,1897,113
UQ_new_3cefebcfdbae6d9ee7e56b22d92bd0da2026a00f.png,-2.0,37901,4723,60,262144,11192,26453,9757,13996,3499,38444,183834,237113,4042,782,32
UQ_new_3cefebcfdbae6d9ee7e56b22d92bd0da2026a00f.png,-1.5,37901,4723,60,262144,11191,26453,9757,13995,4778,38766,183519,235829,5643,996,37
UQ_new_3cefebcfdbae6d9ee7e56b22d92bd0da2026a00f.png,-1.0,37901,4723,60,262144,11190,26452,9757,13993,6314,39243,183054,234285,7656,1239,45
UQ_new_3cefebcfdbae6d9ee7e56b22d92bd0da2026a00f.png,-0.5,37901,4723,60,262144,11188,26442,9755,13993,8077,40078,182241,232514,10254,1518,51
UQ_new_3cefebcfdbae6d9ee7e56b22d92bd0da2026a00f.png,0.0,37901,4723,60,262144,11183,26433,9755,13989,9851,41519,180857,230701,13469,1850,60
UQ_new_3cefebcfdbae6d9ee7e56b22d92bd0da2026a00f.png,0.5,37901,4723,60,262144,11174,26422,9751,13981,11791,43546,178953,228670,17436,2245,71
UQ_new_3cefebcfdbae6d9ee7e56b22d92bd0da2026a00f.png,1.0,37901,4723,60,262144,11165,26411,9750,13970,13748,46324,176408,226512,22171,2643,75
UQ_new_3cefebcfdbae6d9ee7e56b22d92bd0da2026a00f.png,1.5,37901,4723,60,262144,11139,26376,9746,13957,15811,50006,173068,224185,27916,3158,77
UQ_new_3cefebcfdbae6d9ee7e56b22d92bd0da2026a00f.png,2.0,37901,4723,60,262144,11095,26321,9736,13931,17833,54916,168595,221861,34848,3649,87
UQ_new_3cefebcfdbae6d9ee7e56b22d92bd0da2026a00f.png,2.5,37901,4723,60,262144,11016,26217,9714,13892,19853,61146,162961,219489,43098,4431,105
UQ_new_3cefebcfdbae6d9ee7e56b22d92bd0da2026a00f.png,3.0,37901,4723,60,262144,10870,26059,9684,13784,22166,69359,155639,216727,53624,5327,99
UQ_new_3cefebcfdbae6d9ee7e56b22d92bd0da2026a00f.png,3.5,37901,4723,60,262144,10692,25791,9647,13651,24504,79304,146908,213791,65907,6438,116
UQ_new_3cefebcfdbae6d9ee7e56b22d92bd0da2026a00f.png,4.0,37901,4723,60,262144,10461,25440,9580,13491,26932,92001,135808,210575,81032,7682,105
UQ_new_3cefebcfdbae6d9ee7e56b22d92bd0da2026a00f.png,4.5,37901,4723,60,262144,10135,25017,9479,13360,29123,106853,122921,207400,98075,9075,98
UQ_new_3cefebcfdbae6d9ee7e56b22d92bd0da2026a00f.png,5.0,37901,4723,60,262144,9686,24531,9347,13235,31217,122802,109128,204342,116118,10271,75
UQ_new_3cefebcfdbae6d9ee7e56b22d92bd0da2026a00f.png,5.5,37901,4723,60,262144,9153,23977,9116,13098,32835,139485,95065,201559,134419,11231,87
UQ_new_3cefebcfdbae6d9ee7e56b22d92bd0da2026a00f.png,6.0,37901,4723,60,262144,8494,23445,8798,12983,34161,156836,80626,198945,153096,12879,81
UQ_new_3cefebcfdbae6d9ee7e56b22d92bd0da2026a00f.png,6.5,37901,4723,60,262144,7719,22897,8350,12870,35204,175433,65432,196383,172736,13668,64
UQ_new_3cefebcfdbae6d9ee7e56b22d92bd0da2026a00f.png,7.0,37901,4723,60,262144,6926,22428,7829,12774,36046,193421,50480,194384,191566,14107,40
UQ_new_3cefebcfdbae6d9ee7e56b22d92bd0da2026a00f.png,7.5,37901,4723,60,262144,6094,22043,7254,12687,36749,208880,37639,192942,207728,13858,19
UQ_new_3cefebcfdbae6d9ee7e56b22d92bd0da2026a00f.png,8.0,37901,4723,60,262144,5227,21743,6665,12632,37241,222070,26604,192106,221410,13098,15
UQ_new_3ec2170d8b2d8d10f3eb38b84654c67d7e1167f9.png,-2.0,18211,1445,11,262144,7981,16601,27913,33729,1518,18302,194449,223795,1609,164,9
UQ_new_3ec2170d8b2d8d10f3eb38b84654c67d7e1167f9.png,-1.5,18211,1445,11,262144,7981,16601,27913,33719,1797,18435,194325,223517,2021,214,6
UQ_new_3ec2170d8b2d8d10f3eb38b84654c67d7e1167f9.png,-1.0,18211,1445,11,262144,7980,16601,27913,33707,2168,18578,194191,223150,2535,247,8
UQ_new_3ec2170d8b2d8d10f3eb38b84654c67d7e1167f9.png,-0.5,18211,1445,11,262144,7980,16601,27912,33696,2586,18772,194007,222734,3147,299,10
UQ_new_3ec2170d8b2d8d10f3eb38b84654c67d7e1167f9.png,0.0,18211,1445,11,262144,7978,16601,27910,33683,2952,19075,193716,222373,3816,343,11
UQ_new_3ec2170d8b2d8d10f3eb38b84654c67d7e1167f9.png,0.5,18211,1445,11,262144,7970,16600,27904,33674,3369,19421,193392,221958,4579,375,14
UQ_new_3ec2170d8b2d8d10f3eb38b84654c67d7e1167f9.png,1.0,18211,1445,11,262144,7964,16600,27899,33664,3865,19865,192964,221467,5519,448,15
UQ_new_3ec2170d8b2d8d10f3eb38b84654c67d7e1167f9.png,1.5,18211,1445,11,262144,7955,16599,27893,33658,4448,20378,192473,220884,6615,501,19
UQ_new_3ec2170d8b2d8d10f3eb38b84654c67d7e1167f9.png,2.0,18211,1445,11,262144,7941,16595,27890,33653,5170,21031,191852,220156,7990,599,23
UQ_new_3ec2170d8b2d8d10f3eb38b84654c67d7e1167f9.png,2.5,18211,1445,11,262144,7932,16587,27881,33647,6178,21934,191005,219124,9901,748,24
UQ_new_3ec2170d8b2d8d10f3eb38b84654c67d7e1167f9.png,3.0,18211,1445,11,262144,7918,16557,27875,33643,7120,23148,189930,218097,12057,901,29
UQ_new_3ec2170d8b2d8d10f3eb38b84654c67d7e1167f9.png,3.5,18211,1445,11,262144,7882,16528,27857,33628,8175,24731,188573,216914,14695,1102,33
UQ_new_3ec2170d8b2d8d10f3eb38b84654c67d7e1167f9.png,4.0,18211,1445,11,262144,7784,16492,27820,33615,9283,26975,186698,215621,18047,1437,45
UQ_new_3ec2170d8b2d8d10f3eb38b84654c67d7e1167f9.png,4.5,18211,1445,11,262144,7662,16412,27743,33570,10189,30278,183956,214478,22256,1876,52
UQ_new_3ec2170d8b2d8d10f3eb38b84654c67d7e1167f9.png,5.0,18211,1445,11,262144,7487,16326,27649,33519,11211,34603,180301,213192,27603,2351,77
UQ_new_3ec2170d8b2d8d10f3eb38b84654c67d7e1167f9.png,5.5,18211,1445,11,262144,7207,16190,27516,33397,12052,41168,174752,212006,35009,3330,103
UQ_new_3ec2170d8b2d8d10f3eb38b84654c67d7e1167f9.png,6.0,18211,1445,11,262144,6871,15957,27276,33219,12694,51212,166230,210829,45695,4646,139
UQ_new_3ec2170d8b2d8d10f3eb38b84654c67d7e1167f9.png,6.5,18211,1445,11,262144,6423,15618,26920,32944,13345,64756,154994,209288,59890,5909,167
UQ_new_3ec2170d8b2d8d10f3eb38b84654c67d7e1167f9.png,7.0,18211,1445,11,262144,5831,15117,26324,32644,14070,84042,138998,207262,79901,8175,135
UQ_new_3ec2170d8b2d8d10f3eb38b84654c67d7e1167f9.png,7.5,18211,1445,11,262144,4914,14593,25435,32280,14873,107821,119422,204950,104483,9911,77
UQ_new_3ec2170d8b2d8d10f3eb38b84654c67d7e1167f9.png,8.0,18211,1445,11,262144,3829,14115,24347,31921,15751,134907,96252,203166,132447,11725,63
UQ_new_3ef30fe6b62ccfe3776cd5684ecf780bf6adedb2.png,-2.0,4068,488,11,262144,10359,21951,22009,32775,1479,5627,202122,227966,3038,417,15
UQ_new_3ef30fe6b62ccfe3776cd5684ecf780bf6adedb2.png,-1.5,4068,488,11,262144,10359,21913,22008,32767,1622,6130,201644,227845,3684,471,15
UQ_new_3ef30fe6b62ccfe3776cd5684ecf780bf6adedb2.png,-1.0,4068,488,11,262144,10359,21889,22008,32763,1715,6708,201089,227757,4355,511,17
UQ_new_3ef30fe6b62ccfe3776cd5684ecf780bf6adedb2.png,-0.5,4068,488,11,262144,10359,21860,22001,32759,1826,7447,200381,227655,5205,577,16
UQ_new_3ef30fe6b62ccfe3776cd5684ecf780bf6adedb2.png,0.0,4068,488,11,262144,10359,21821,21999,32756,1906,8405,199465,227577,6243,680,18
UQ_new_3ef30fe6b62ccfe3776cd5684ecf780bf6adedb2.png,0.5,4068,488,11,262144,10356,21780,21995,32752,1966,9540,198386,227513,7438,745,19
UQ_new_3ef30fe6b62ccfe3776cd5684ecf780bf6adedb2.png,1.0,4068,488,11,262144,10335,21735,21986,32740,2026,10705,197325,227436,8663,812,21
UQ_new_3ef30fe6b62ccfe3776cd5684ecf780bf6adedb2.png,1.5,4068,488,11,262144,10315,21679,21978,32722,2082,12089,196067,227356,10103,940,24
UQ_new_3ef30fe6b62ccfe3776cd5684ecf780bf6adedb2.png,2.0,4068,488,11,262144,10286,21627,21964,32683,2152,13852,194478,227246,11936,1122,27
UQ_new_3ef30fe6b62ccfe3776cd5684ecf780bf6adedb2.png,2.5,4068,488,11,262144,10242,21550,21946,32654,2256,15979,192581,227080,14167,1314,32
UQ_new_3ef30fe6b62ccfe3776cd5684ecf780bf6adedb2.png,3.0,4068,488,11,262144,10178,21488,21915,32615,2388,18862,189988,226854,17182,1550,46
UQ_new_3ef30fe6b62ccfe3776cd5684ecf780bf6adedb2.png,3.5,4068,488,11,262144,10076,21452,21861,32563,2530,22526,186733,226547,20988,1911,56
UQ_new_3ef30fe6b62ccfe3776cd5684ecf780bf6adedb2.png,4.0,4068,488,11,262144,9942,21387,21817,32509,2715,27021,182826,226071,25668,2352,58
UQ_new_3ef30fe6b62ccfe3776cd5684ecf780bf6adedb2.png,4.5,4068,488,11,262144,9743,21292,21752,32435,2914,33037,177718,225397,31883,2984,75
UQ_new_3ef30fe6b62ccfe3776cd5684ecf780bf6adedb2.png,5.0,4068,488,11,262144,9517,21179,21643,32312,3116,41160,170834,224527,40208,3838,99
UQ_new_3ef30fe6b62ccfe3776cd5684ecf780bf6adedb2.png,5.5,4068,488,11,262144,9196,21063,21463,32074,3299,52809,160888,223496,52040,5305,178
UQ_new_3ef30fe6b62ccfe3776cd5684ecf780bf6adedb2.png,6.0,4068,488,11,262144,8785,20936,21151,31658,3567,70298,145922,221971,69797,7548,178
UQ_new_3ef30fe6b62ccfe3776cd5684ecf780bf6adedb2.png,6.5,4068,488,11,262144,8174,20737,20687,31157,3840,93181,126977,219535,92953,9577,142
UQ_new_3ef30fe6b62ccfe3776cd5684ecf780bf6adedb2.png,7.0,4068,488,11,262144,7415,20547,20045,30604,3972,118228,106047,217430,118132,11670,121
UQ_new_3ef30fe6b62ccfe3776cd5684ecf780bf6adedb2.png,7.5,4068,488,11,262144,6625,20292,19209,30016,4011,143208,85117,215810,143151,12858,73
UQ_new_3ef30fe6b62ccfe3776cd5684ecf780bf6adedb2.png,8.0,4068,488,11,262144,5735,20106,18164,29467,4030,168558,64222,214006,168520,13642,54
UQ_new_3f3505c743dc6d6b2cdf7742d3425517f1da6626.png,-2.0,12984,986,12,262144,7147,23922,7829,13875,527,12992,214395,243601,535,87,6
UQ_new_3f3505c743dc6d6b2cdf7742d3425517f1da6626.png,-1.5,12984,986,12,262144,7147,23922,7829,13872,851,12998,214389,243280,865,111,7
UQ_new_3f3505c743dc6d6b2cdf7742d3425517f1da6626.png,-1.0,12984,986,12,262144,7147,23922,7829,13869,1195,13006,214381,242939,1217,143,7
UQ_new_3f3505c743dc6d6b2cdf7742d3425517f1da6626.png,-0.5,12984,986,12,262144,7147,23922,7826,13867,1572,13017,214375,242562,1605,173,6
UQ_new_3f3505c743dc6d6b2cdf7742d3425517f1da6626.png,0.0,12984,986,12,262144,7147,23922,7823,13862,1965,13074,214327,242168,2055,198,9
UQ_new_3f3505c743dc6d6b2cdf7742d3425517f1da6626.png,0.5,12984,986,12,262144,7147,23922,7820,13857,2331,13246,214165,241800,2593,229,8
UQ_new_3f3505c743dc6d6b2cdf7742d3425517f1da6626.png,1.0,12984,986,12,262144,7147,23920,7818,13848,2756,13442,213990,241367,3214,272,14
UQ_new_3f3505c743dc6d6b2cdf7742d3425517f1da6626.png,1.5,12984,986,12,262144,7147,23914,7813,13842,3174,13735,213742,240921,3925,315,16
UQ_new_3f3505c743dc6d6b2cdf7742d3425517f1da6626.png,2.0,12984,986,12,262144,7147,23902,7809,13829,3631,14243,213314,240413,4890,416,16
UQ_new_3f3505c743dc6d6b2cdf7742d3425517f1da6626.png,2.5,12984,986,12,262144,7147,23873,7805,13811,4129,14855,212784,239884,6000,481,16
UQ_new_3f3505c743dc6d6b2cdf7742d3425517f1da6626.png,3.0,12984,986,12,262144,7142,23828,7799,13789,4524,15711,212046,239449,7251,530,20
UQ_new_3f3505c743dc6d6b2cdf7742d3425517f1da6626.png,3.5,12984,986,12,262144,7127,23789,7794,13765,4952,16687,211205,238969,8655,627,23
UQ_new_3f3505c743dc6d6b2cdf7742d3425517f1da6626.png,4.0,12984,986,12,262144,7103,23714,7782,13729,5428,17912,210187,238433,10356,792,25
UQ_new_3f3505c743dc6d6b2cdf7742d3425517f1da6626.png,4.5,12984,986,12,262144,7055,23617,7772,13661,6005,19714,208711,237753,12735,1089,33
UQ_new_3f3505c743dc6d6b2cdf7742d3425517f1da6626.png,5.0,12984,986,12,262144,6968,23449,7759,13593,6643,22456,206582,236838,16115,1404,36
UQ_new_3f3505c743dc6d6b2cdf7742d3425517f1da6626.png,5.5,12984,986,12,262144,6783,23206,7746,13480,7332,25888,204037,235816,20236,1750,44
UQ_new_3f3505c743dc6d6b2cdf7742d3425517f1da6626.png,6.0,12984,986,12,262144,6476,22885,7715,13376,7975,30477,200804,234580,25468,2446,61
UQ_new_3f3505c743dc6d6b2cdf7742d3425517f1da6626.png,6.5,12984,986,12,262144,6009,22594,7626,13236,8569,37398,195849,233007,32983,3307,88
UQ_new_3f3505c743dc6d6b2cdf7742d3425517f1da6626.png,7.0,12984,986,12,262144,5352,22107,7504,13096,9060,48732,187171,231266,44808,4865,97
UQ_new_3f3505c743dc6d6b2cdf7742d3425517f1da6626.png,7.5,12984,986,12,262144,4689,21541,7304,12952,9506,63410,175574,229312,59932,6106,115
UQ_new_3f3505c743dc6d6b2cdf7742d3425517f1da6626.png,8.0,12984,986,12,262144,4083,20893,7024,12794,9842,82810,159447,227395,79668,7746,107
UQ_new_3f69f7107ccf123528175e2fbbe6d88ac216381b.png,-2.0,3606,350,6,262144,7817,18595,16959,26923,541,3985,212684,236784,920,105,4
UQ_new_3f69f7107ccf123528175e2fbbe6d88ac216381b.png,-1.5,3606,350,6,262144,7817,18559,16959,26919,591,4093,212616,236734,1078,110,4
UQ_new_3f69f7107ccf123528175e2fbbe6d88ac216381b.png,-1.0,3606,350,6,262144,7817,18517,16959,26915,630,4222,212534,236694,1246,118,4
UQ_new_3f69f7107ccf123528175e2fbbe6d88ac216381b.png,-0.5,3606,350,6,262144,7817,18470,16959,26909,659,4401,212410,236663,1454,139,5
UQ_new_3f69f7107ccf123528175e2fbbe6d88ac216381b.png,0.0,3606,350,6,262144,7817,18409,16959,26900,693,4696,212189,236625,1783,176,5
UQ_new_3f69f7107ccf123528175e2fbbe6d88ac216381b.png,0.5,3606,350,6,262144,7817,18343,16959,26891,740,5028,211935,236575,2162,204,6
UQ_new_3f69f7107ccf123528175e2fbbe6d88ac216381b.png,1.0,3606,350,6,262144,7817,18263,16959,26883,794,5536,211536,236500,2724,265,9
UQ_new_3f69f7107ccf123528175e2fbbe6d88ac216381b.png,1.5,3606,350,6,262144,7814,18195,16957,26877,850,6253,210926,236416,3497,316,11
UQ_new_3f69f7107ccf123528175e2fbbe6d88ac216381b.png,2.0,3606,350,6,262144,7800,18126,16956,26869,902,7175,210122,236338,4471,355,14
UQ_new_3f69f7107ccf123528175e2fbbe6d88ac216381b.png,2.5,3606,350,6,262144,7790,18060,16951,26861,943,8355,209115,236213,5692,470,16
UQ_new_3f69f7107ccf123528175e2fbbe6d88ac216381b.png,3.0,3606,350,6,262144,7781,18011,16945,26846,985,9906,207738,236076,7285,580,19
UQ_new_3f69f7107ccf123528175e2fbbe6d88ac216381b.png,3.5,3606,350,6,262144,7764,17944,16927,26832,1013,12122,205780,235906,9529,796,30
UQ_new_3f69f7107ccf123528175e2fbbe6d88ac216381b.png,4.0,3606,350,6,262144,7757,17860,16906,26813,1037,15146,203125,235644,12577,1045,53
UQ_new_3f69f7107ccf123528175e2fbbe6d88ac216381b.png,4.5,3606,350,6,262144,7737,17776,16861,26783,1067,19491,199410,235163,16952,1524,72
UQ_new_3f69f7107ccf123528175e2fbbe6d88ac216381b.png,5.0,3606,350,6,262144,7685,17603,16777,26740,1114,25781,194126,234462,23289,2318,75
UQ_new_3f69f7107ccf123528175e2fbbe6d88ac216381b.png,5.5,3606,350,6,262144,7552,17251,16638,26658,1250,34704,187005,233230,32348,3303,105
UQ_new_3f69f7107ccf123528175e2fbbe6d88ac216381b.png,6.0,3606,350,6,262144,7263,16850,16400,26460,1469,46865,177182,231799,44728,4600,141
UQ_new_3f69f7107ccf123528175e2fbbe6d88ac216381b.png,6.5,3606,350,6,262144,6810,16310,16066,26164,1646,63706,163049,230537,61746,6309,153
UQ_new_3f69f7107ccf123528175e2fbbe6d88ac216381b.png,7.0,3606,350,6,262144,6189,15847,15623,25781,1967,85342,144450,229089,83703,8340,139
UQ_new_3f69f7107ccf123528175e2fbbe6d88ac216381b.png,7.5,3606,350,6,262144,5368,15435,15016,25373,2457,111628,121685,227326,110479,10409,118
UQ_new_3f69f7107ccf123528175e2fbbe6d88ac216381b.png,8.0,3606,350,6,262144,4442,15106,14219,25059,2841,140066,97191,225364,139301,11871,86
UQ_new_49fc5f787d1cd7e9f311415fbd8833185ff58411.png,-2.0,0,0,0,262144,198407,236479,0,0,0,328,25663,63411,328,60,5
UQ_new_49fc5f787d1cd7e9f311415fbd8833185ff58411.png,-1.5,0,0,0,262144,198353,236479,0,0,0,458,25652,63346,458,70,6
UQ_new_49fc5f787d1cd7e9f311415fbd8833185ff58411.png,-1.0,0,0,0,262144,198269,236479,0,0,0,650,25642,63248,650,88,8
UQ_new_49fc5f787d1cd7e9f311415fbd8833185ff58411.png,-0.5,0,0,0,262144,198183,236479,0,0,0,900,25626,63100,900,120,7
UQ_new_49fc5f787d1cd7e9f311415fbd8833185ff58411.png,0.0,0,0,0,262144,198102,236479,0,0,0,1163,25607,62937,1163,146,8
UQ_new_49fc5f787d1cd7e9f311415fbd8833185ff58411.png,0.5,0,0,0,262144,197996,236479,0,0,0,1529,25594,62690,1529,197,8
UQ_new_49fc5f787d1cd7e9f311415fbd8833185ff58411.png,1.0,0,0,0,262144,197844,236479,0,0,0,1924,25579,62462,1924,232,8
UQ_new_49fc5f787d1cd7e9f311415fbd8833185ff58411.png,1.5,0,0,0,262144,197659,236478,0,0,0,2361,25553,62237,2361,269,11
UQ_new_49fc5f787d1cd7e9f311415fbd8833185ff58411.png,2.0,0,0,0,262144,197415,236475,0,0,0,2926,25519,61953,2926,331,15
UQ_new_49fc5f787d1cd7e9f311415fbd8833185ff58411.png,2.5,0,0,0,262144,196979,236467,0,0,0,3936,25427,61479,3936,467,22
UQ_new_49fc5f787d1cd7e9f311415fbd8833185ff58411.png,3.0,0,0,0,262144,196477,236448,0,0,0,5135,25271,60957,5135,586,25
UQ_new_49fc5f787d1cd7e9f311415fbd8833185ff58411.png,3.5,0,0,0,262144,195786,236423,0,0,0,6724,25051,60304,6724,762,31
UQ_new_49fc5f787d1cd7e9f311415fbd8833185ff58411.png,4.0,0,0,0,262144,194955,236399,0,0,0,8877,24700,59357,8877,1009,41
UQ_new_49fc5f787d1cd7e9f311415fbd8833185ff58411.png,4.5,0,0,0,262144,193855,236367,0,0,0,11726,24483,57857,11726,1306,50
UQ_new_49fc5f787d1cd7e9f311415fbd8833185ff58411.png,5.0,0,0,0,262144,192528,236321,0,0,0,15237,24158,56044,15237,1851,82
UQ_new_49fc5f787d1cd7e9f311415fbd8833185ff58411.png,5.5,0,0,0,262144,190472,236227,0,0,0,20890,23532,53167,20890,2619,105
UQ_new_49fc5f787d1cd7e9f311415fbd8833185ff58411.png,6.0,0,0,0,262144,187687,236092,0,0,0,28251,22411,49847,28251,3599,122
UQ_new_49fc5f787d1cd7e9f311415fbd8833185ff58411.png,6.5,0,0,0,262144,183864,235866,0,0,0,37730,20833,45995,37730,4806,126
UQ_new_49fc5f787d1cd7e9f311415fbd8833185ff58411.png,7.0,0,0,0,262144,178716,235556,0,0,0,48689,18707,42620,48689,6145,153
UQ_new_49fc5f787d1cd7e9f311415fbd8833185ff58411.png,7.5,0,0,0,262144,171543,235066,0,0,0,61763,16393,39523,61763,7836,185
UQ_new_49fc5f787d1cd7e9f311415fbd8833185ff58411.png,8.0,0,0,0,262144,162314,234465,0,0,0,77340,13943,36226,77340,9327,191
UQ_new_4a1990e2821cb0ffd496605b3c736a71787899fd.png,-2.0,21345,2677,32,262144,6125,14532,51490,71789,1663,22229,154260,202200,2547,559,28
UQ_new_4a1990e2821cb0ffd496605b3c736a71787899fd.png,-1.5,21345,2677,32,262144,6125,14532,51490,71789,2157,22714,153784,201697,3526,663,38
UQ_new_4a1990e2821cb0ffd496605b3c736a71787899fd.png,-1.0,21345,2677,32,262144,6125,14531,51488,71789,2810,23409,153110,201026,4874,846,49
UQ_new_4a1990e2821cb0ffd496605b3c736a71787899fd.png,-0.5,21345,2677,32,262144,6125,14530,51485,71788,3555,24559,152010,200236,6769,1080,53
UQ_new_4a1990e2821cb0ffd496605b3c736a71787899fd.png,0.0,21345,2677,32,262144,6123,14530,51480,71786,4377,25944,150678,199370,8976,1306,55
UQ_new_4a1990e2821cb0ffd496605b3c736a71787899fd.png,0.5,21345,2677,32,262144,6122,14525,51469,71778,5251,27727,149004,198412,11633,1533,57
UQ_new_4a1990e2821cb0ffd496605b3c736a71787899fd.png,1.0,21345,2677,32,262144,6119,14521,51462,71763,6217,29937,146963,197306,14809,1779,56
UQ_new_4a1990e2821cb0ffd496605b3c736a71787899fd.png,1.5,21345,2677,32,262144,6115,14517,51432,71743,7171,32526,144604,196180,18352,2043,63
UQ_new_4a1990e2821cb0ffd496605b3c736a71787899fd.png,2.0,21345,2677,32,262144,6108,14503,51386,71704,8256,35887,141564,194880,22798,2431,68
UQ_new_4a1990e2821cb0ffd496605b3c736a71787899fd.png,2.5,21345,2677,32,262144,6099,14479,51334,71643,9453,40055,137836,193389,28163,2823,72
UQ_new_4a1990e2821cb0ffd496605b3c736a71787899fd.png,3.0,21345,2677,32,262144,6092,14448,51193,71558,10710,45244,133231,191812,34609,3338,82
UQ_new_4a1990e2821cb0ffd496605b3c736a71787899fd.png,3.5,21345,2677,32,262144,6077,14402,50976,71424,11809,51774,127460,190366,42238,3923,78
UQ_new_4a1990e2821cb0ffd496605b3c736a71787899fd.png,4.0,21345,2677,32,262144,6055,14321,50709,71255,12663,59846,120363,189076,51164,4659,82
UQ_new_4a1990e2821cb0ffd496605b3c736a71787899fd.png,4.5,21345,2677,32,262144,6018,14209,50315,71030,13733,70136,111356,187491,62524,5854,80
UQ_new_4a1990e2821cb0ffd496605b3c736a71787899fd.png,5.0,21345,2677,32,262144,5932,14029,49831,70788,15199,82051,101028,185430,75905,7138,97
UQ_new_4a1990e2821cb0ffd496605b3c736a71787899fd.png,5.5,21345,2677,32,262144,5796,13800,49133,70330,16855,96625,88810,182939,92135,8681,110
UQ_new_4a1990e2821cb0ffd496605b3c736a71787899fd.png,6.0,21345,2677,32,262144,5605,13498,48052,69731,18232,113901,74971,180298,110788,10346,131
UQ_new_4a1990e2821cb0ffd496605b3c736a71787899fd.png,6.5,21345,2677,32,262144,5363,13129,46327,68937,19315,133454,60738,177025,131424,11606,121
UQ_new_4a1990e2821cb0ffd496605b3c736a71787899fd.png,7.0,21345,2677,32,262144,4979,12676,43911,68009,20372,155488,45882,172971,154515,13105,73
UQ_new_4a1990e2821cb0ffd496605b3c736a71787899fd.png,7.5,21345,2677,32,262144,4554,12272,40985,67096,20908,177645,31220,169608,177208,13106,39
UQ_new_4a1990e2821cb0ffd496605b3c736a71787899fd.png,8.0,21345,2677,32,262144,4093,11883,37815,66286,21194,197104,19022,166891,196953,12299,21
UQ_new_4a225e6e8de680f973859e927ffe850d39b9f0d1.png,-2.0,6349,580,12,262144,5325,13770,0,0,0,6349,242025,256819,0,0,0
UQ_new_4a225e6e8de680f973859e927ffe850d39b9f0d1.png,-1.5,6349,580,12,262144,5325,13770,0,0,0,6349,242025,256819,0,0,0
UQ_new_4a225e6e8de680f973859e927ffe850d39b9f0d1.png,-1.0,6349,580,12,262144,5325,13770,0,0,0,6349,242025,256819,0,0,0
UQ_new_4a225e6e8de680f973859e927ffe850d39b9f0d1.png,-0.5,6349,580,12,262144,5325,13770,0,0,0,6349,242025,256819,0,0,0
UQ_new_4a225e6e8de680f973859e927ffe850d39b9f0d1.png,0.0,6349,580,12,262144,5325,13770,0,0,0,6349,242025,256819,0,0,0
UQ_new_4a225e6e8de680f973859e927ffe850d39b9f0d1.png,0.5,6349,580,12,262144,5325,13770,0,0,0,6349,242025,256819,0,0,0
UQ_new_4a225e6e8de680f973859e927ffe850d39b9f0d1.png,1.0,6349,580,12,262144,5325,13770,0,0,0,6349,242025,256819,0,0,0
UQ_new_4a225e6e8de680f973859e927ffe850d39b9f0d1.png,1.5,6349,580,12,262144,5325,13770,0,0,0,6349,242025,256819,0,0,0
UQ_new_4a225e6e8de680f973859e927ffe850d39b9f0d1.png,2.0,6349,580,12,262144,5325,13770,0,0,0,6349,242025,256819,0,0,0
UQ_new_4a225e6e8de680f973859e927ffe850d39b9f0d1.png,2.5,6349,580,12,262144,5325,13770,0,0,0,6349,242025,256819,0,0,0
UQ_new_4a225e6e8de680f973859e927ffe850d39b9f0d1.png,3.0,6349,580,12,262144,5325,13770,0,0,0,6349,242025,256819,0,0,0
UQ_new_4a225e6e8de680f973859e927ffe850d39b9f0d1.png,3.5,6349,580,12,262144,5325,13770,0,0,0,6349,242025,256819,0,0,0
UQ_new_4a225e6e8de680f973859e927ffe850d39b9f0d1.png,4.0,6349,580,12,262144,5325,13770,0,0,0,6349,242025,256819,0,0,0
UQ_new_4a225e6e8de680f973859e927ffe850d39b9f0d1.png,4.5,6349,580,12,262144,5325,13770,0,0,1,6352,242022,256818,4,2,1
UQ_new_4a225e6e8de680f973859e927ffe850d39b9f0d1.png,5.0,6349,580,12,262144,5325,13770,0,0,4,6385,241989,256815,40,14,5
UQ_new_4a225e6e8de680f973859e927ffe850d39b9f0d1.png,5.5,6349,580,12,262144,5325,13727,0,0,12,6707,241711,256806,370,90,11
UQ_new_4a225e6e8de680f973859e927ffe850d39b9f0d1.png,6.0,6349,580,12,262144,5325,13641,0,0,79,7494,241025,256724,1224,272,37
UQ_new_4a225e6e8de680f973859e927ffe850d39b9f0d1.png,6.5,6349,580,12,262144,5301,13487,0,0,268,9810,239002,256420,3729,798,87
UQ_new_4a225e6e8de680f973859e927ffe850d39b9f0d1.png,7.0,6349,580,12,262144,5224,13130,0,0,986,15059,234447,255442,9696,1804,128
UQ_new_4a225e6e8de680f973859e927ffe850d39b9f0d1.png,7.5,6349,580,12,262144,5028,12631,0,0,1909,23190,227337,254193,18750,3014,148
UQ_new_4a225e6e8de680f973859e927ffe850d39b9f0d1.png,8.0,6349,580,12,262144,4634,11995,0,0,2880,34427,217526,252826,30958,4551,167
UQ_new_4c3f721162134e1c7d7723acba72643ac50c504e.png,-2.0,12288,1067,20,262144,8163,15206,22821,33517,1642,12401,201382,229156,1755,247,9
UQ_new_4c3f721162134e1c7d7723acba72643ac50c504e.png,-1.5,12288,1067,20,262144,8163,15206,22818,33516,2157,12506,201282,228640,2375,290,11
UQ_new_4c3f721162134e1c7d7723acba72643ac50c504e.png,-1.0,12288,1067,20,262144,8163,15206,22813,33516,2756,12671,201122,228041,3139,380,11
UQ_new_4c3f721162134e1c7d7723acba72643ac50c504e.png,-0.5,12288,1067,20,262144,8163,15206,22811,33514,3476,12878,200921,227319,4066,423,11
UQ_new_4c3f721162134e1c7d7723acba72643ac50c504e.png,0.0,12288,1067,20,262144,8163,15205,22806,33512,4125,13139,200677,226661,4976,476,9
UQ_new_4c3f721162134e1c7d7723acba72643ac50c504e.png,0.5,12288,1067,20,262144,8163,15202,22799,33508,4764,13525,200317,226010,6001,527,9
UQ_new_4c3f721162134e1c7d7723acba72643ac50c504e.png,1.0,12288,1067,20,262144,8163,15201,22792,33506,5248,13934,199953,225491,6894,550,11
UQ_new_4c3f721162134e1c7d7723acba72643ac50c504e.png,1.5,12288,1067,20,262144,8163,15193,22782,33499,5689,14454,199511,224997,7855,598,12
UQ_new_4c3f721162134e1c7d7723acba72643ac50c504e.png,2.0,12288,1067,20,262144,8157,15180,22766,33493,6146,15092,198986,224468,8950,644,16
UQ_new_4c3f721162134e1c7d7723acba72643ac50c504e.png,2.5,12288,1067,20,262144,8153,15169,22740,33469,6656,15926,198310,223865,10294,767,20
UQ_new_4c3f721162134e1c7d7723acba72643ac50c504e.png,3.0,12288,1067,20,262144,8147,15160,22697,33447,7135,17115,197309,223278,11962,862,20
UQ_new_4c3f721162134e1c7d7723acba72643ac50c504e.png,3.5,12288,1067,20,262144,8139,15143,22631,33409,7581,18558,196100,222727,13851,967,26
UQ_new_4c3f721162134e1c7d7723acba72643ac50c504e.png,4.0,12288,1067,20,262144,8120,15126,22531,33365,8043,20749,194250,222104,16504,1211,35
UQ_new_4c3f721162134e1c7d7723acba72643ac50c504e.png,4.5,12288,1067,20,262144,8085,15106,22401,33322,8485,24044,191430,221415,20241,1542,47
UQ_new_4c3f721162134e1c7d7723acba72643ac50c504e.png,5.0,12288,1067,20,262144,8027,15030,22270,33263,8885,29110,187052,220651,25707,2132,67
UQ_new_4c3f721162134e1c7d7723acba72643ac50c504e.png,5.5,12288,1067,20,262144,7914,14827,22084,33194,9272,36202,181112,219683,33186,2829,92
UQ_new_4c3f721162134e1c7d7723acba72643ac50c504e.png,6.0,12288,1067,20,262144,7669,14527,21799,33090,9690,46663,172522,218328,44065,4129,143
UQ_new_4c3f721162134e1c7d7723acba72643ac50c504e.png,6.5,12288,1067,20,262144,7231,14091,21199,32916,10298,61815,160843,215895,59825,5870,150
UQ_new_4c3f721162134e1c7d7723acba72643ac50c504e.png,7.0,12288,1067,20,262144,6707,13689,20414,32663,10930,80245,146460,213180,78887,7683,138
UQ_new_4c3f721162134e1c7d7723acba72643ac50c504e.png,7.5,12288,1067,20,262144,6106,13237,19298,32317,11298,102584,128607,210841,101594,9538,130
UQ_new_4c3f721162134e1c7d7723acba72643ac50c504e.png,8.0,12288,1067,20,262144,5407,12832,17890,31907,11674,127983,107705,208890,127369,11188,86
UQ_new_4c569fcb88bc16bae0dd539e87c3cebc9d5e7a80.png,-2.0,0,0,0,262144,141816,149914,0,0,0,0,112230,120328,0,0,0
UQ_new_4c569fcb88bc16bae0dd539e87c3cebc9d5e7a80.png,-1.5,0,0,0,262144,141816,149914,0,0,0,0,112230,120328,0,0,0
UQ_new_4c569fcb88bc16bae0dd539e87c3cebc9d5e7a80.png,-1.0,0,0,0,262144,141816,149914,0,0,0,0,112230,120328,0,0,0
UQ_new_4c569fcb88bc16bae0dd539e87c3cebc9d5e7a80.png,-0.5,0,0,0,262144,141816,149914,0,0,0,0,112230,120328,0,0,0
UQ_new_4c569fcb88bc16bae0dd539e87c3cebc9d5e7a80.png,0.0,0,0,0,262144,141816,149914,0,0,0,0,112230,120328,0,0,0
UQ_new_4c569fcb88bc16bae0dd539e87c3cebc9d5e7a80.png,0.5,0,0,0,262144,141816,149914,0,0,0,0,112230,120328,0,0,0
UQ_new_4c569fcb88bc16bae0dd539e87c3cebc9d5e7a80.png,1.0,0,0,0,262144,141816,149914,0,0,0,0,112230,120328,0,0,0
UQ_new_4c569fcb88bc16bae0dd539e87c3cebc9d5e7a80.png,1.5,0,0,0,262144,141816,149914,0,0,0,0,112230,120328,0,0,0
UQ_new_4c569fcb88bc16bae0dd539e87c3cebc9d5e7a80.png,2.0,0,0,0,262144,141816,149914,0,0,0,0,112230,120328,0,0,0
UQ_new_4c569fcb88bc16bae0dd539e87c3cebc9d5e7a80.png,2.5,0,0,0,262144,141816,149914,0,0,0,0,112230,120328,0,0,0
UQ_new_4c569fcb88bc16bae0dd539e87c3cebc9d5e7a80.png,3.0,0,0,0,262144,141816,149914,0,0,0,0,112230,120328,0,0,0
UQ_new_4c569fcb88bc16bae0dd539e87c3cebc9d5e7a80.png,3.5,0,0,0,262144,141816,149914,0,0,0,1,112230,120327,1,1,1
UQ_new_4c569fcb88bc16bae0dd539e87c3cebc9d5e7a80.png,4.0,0,0,0,262144,141816,149914,0,0,0,17,112224,120317,17,13,4
UQ_new_4c569fcb88bc16bae0dd539e87c3cebc9d5e7a80.png,4.5,0,0,0,262144,141816,149914,0,0,0,107,112148,120303,107,44,7
UQ_new_4c569fcb88bc16bae0dd539e87c3cebc9d5e7a80.png,5.0,0,0,0,262144,141816,149914,0,0,0,342,111933,120283,342,100,6
UQ_new_4c569fcb88bc16bae0dd539e87c3cebc9d5e7a80.png,5.5,0,0,0,262144,141814,149913,0,0,0,741,111559,120261,741,189,10
UQ_new_4c569fcb88bc16bae0dd539e87c3cebc9d5e7a80.png,6.0,0,0,0,262144,141796,149908,0,0,0,1500,110871,120213,1500,350,33
UQ_new_4c569fcb88bc16bae0dd539e87c3cebc9d5e7a80.png,6.5,0,0,0,262144,141666,149848,0,0,0,3297,109445,120032,3297,766,73
UQ_new_4c569fcb88bc16bae0dd539e87c3cebc9d5e7a80.png,7.0,0,0,0,262144,141315,149668,0,0,0,7338,106314,119653,7338,1602,135
UQ_new_4c569fcb88bc16bae0dd539e87c3cebc9d5e7a80.png,7.5,0,0,0,262144,140351,149266,0,0,0,15009,100745,118917,15009,3085,202
UQ_new_4c569fcb88bc16bae0dd539e87c3cebc9d5e7a80.png,8.0,0,0,0,262144,138309,148665,0,0,0,27667,91557,118090,27667,4982,245
UQ_new_4cae20cbcdeab3e6180040e6bd71d3a8ee96c008.png,-2.0,5436,495,14,262144,1972,15202,20562,26325,125,5452,215877,238773,141,20,2
UQ_new_4cae20cbcdeab3e6180040e6bd71d3a8ee96c008.png,-1.5,5436,495,14,262144,1972,15202,20561,26322,176,5457,215877,238721,197,30,3
UQ_new_4cae20cbcdeab3e6180040e6bd71d3a8ee96c008.png,-1.0,5436,495,14,262144,1972,15202,20559,26320,243,5479,215868,238645,286,42,4
UQ_new_4cae20cbcdeab3e6180040e6bd71d3a8ee96c008.png,-0.5,5436,495,14,262144,1972,15202,20556,26316,334,5511,215843,238554,409,56,6
UQ_new_4cae20cbcdeab3e6180040e6bd71d3a8ee96c008.png,0.0,5436,495,14,262144,1972,15202,20552,26314,494,5583,215788,238383,641,102,10
UQ_new_4cae20cbcdeab3e6180040e6bd71d3a8ee96c008.png,0.5,5436,495,14,262144,1972,15202,20544,26301,790,5800,215600,238079,1154,159,9
UQ_new_4cae20cbcdeab3e6180040e6bd71d3a8ee96c008.png,1.0,5436,495,14,262144,1972,15202,20534,26287,1046,6215,215225,237807,1825,228,14
UQ_new_4cae20cbcdeab3e6180040e6bd71d3a8ee96c008.png,1.5,5436,495,14,262144,1972,15202,20528,26266,1273,6722,214774,237551,2559,268,11
UQ_new_4cae20cbcdeab3e6180040e6bd71d3a8ee96c008.png,2.0,5436,495,14,262144,1972,15202,20511,26231,1520,7305,214298,237249,3389,312,12
UQ_new_4cae20cbcdeab3e6180040e6bd71d3a8ee96c008.png,2.5,5436,495,14,262144,1972,15202,20489,26193,1742,7941,213808,236941,4247,377,18
UQ_new_4cae20cbcdeab3e6180040e6bd71d3a8ee96c008.png,3.0,5436,495,14,262144,1972,15202,20461,26125,2050,8824,213189,236465,5438,472,16
UQ_new_4cae20cbcdeab3e6180040e6bd71d3a8ee96c008.png,3.5,5436,495,14,262144,1971,15202,20421,26050,2351,9997,212301,235995,6912,551,15
UQ_new_4cae20cbcdeab3e6180040e6bd71d3a8ee96c008.png,4.0,5436,495,14,262144,1968,15202,20373,25972,2606,11458,211223,235486,8628,657,19
UQ_new_4cae20cbcdeab3e6180040e6bd71d3a8ee96c008.png,4.5,5436,495,14,262144,1963,15202,20317,25882,2872,13456,209747,234849,10892,815,23
UQ_new_4cae20cbcdeab3e6180040e6bd71d3a8ee96c008.png,5.0,5436,495,14,262144,1955,15202,20227,25773,3106,16401,207605,234019,14071,1146,35
UQ_new_4cae20cbcdeab3e6180040e6bd71d3a8ee96c008.png,5.5,5436,495,14,262144,1935,15202,20099,25648,3259,20238,204758,233149,18061,1516,50
UQ_new_4cae20cbcdeab3e6180040e6bd71d3a8ee96c008.png,6.0,5436,495,14,262144,1885,15188,19914,25478,3427,25116,201176,232104,23107,2053,90
UQ_new_4cae20cbcdeab3e6180040e6bd71d3a8ee96c008.png,6.5,5436,495,14,262144,1755,15171,19633,25253,3618,32793,195598,230467,30975,3141,125
UQ_new_4cae20cbcdeab3e6180040e6bd71d3a8ee96c008.png,7.0,5436,495,14,262144,1530,15090,19114,24971,3804,44260,186915,228604,42628,4375,142
UQ_new_4cae20cbcdeab3e6180040e6bd71d3a8ee96c008.png,7.5,5436,495,14,262144,1197,14982,18402,24660,4023,59866,174701,226457,58453,6049,131
UQ_new_4cae20cbcdeab3e6180040e6bd71d3a8ee96c008.png,8.0,5436,495,14,262144,848,14919,17474,24324,4249,80328,157985,224161,79141,7843,119
UQ_new_4cf53725687c8dcc90a30fcea5cd4923e24e58b8.png,-2.0,0,0,0,262144,7689,27432,0,1,0,0,234711,254455,0,0,0
UQ_new_4cf53725687c8dcc90a30fcea5cd4923e24e58b8.png,-1.5,0,0,0,262144,7689,27432,0,1,0,0,234711,254455,0,0,0
UQ_new_4cf53725687c8dcc90a30fcea5cd4923e24e58b8.png,-1.0,0,0,0,262144,7689,27432,0,1,0,0,234711,254455,0,0,0
UQ_new_4cf53725687c8dcc90a30fcea5cd4923e24e58b8.png,-0.5,0,0,0,262144,7689,27432,0,1,0,0,234711,254455,0,0,0
UQ_new_4cf53725687c8dcc90a30fcea5cd4923e24e58b8.png,0.0,0,0,0,262144,7689,27432,0,1,0,0,234711,254455,0,0,0
UQ_new_4cf53725687c8dcc90a30fcea5cd4923e24e58b8.png,0.5,0,0,0,262144,7689,27432,0,1,0,0,234711,254455,0,0,0
UQ_new_4cf53725687c8dcc90a30fcea5cd4923e24e58b8.png,1.0,0,0,0,262144,7689,27432,0,1,0,0,234711,254455,0,0,0
UQ_new_4cf53725687c8dcc90a30fcea5cd4923e24e58b8.png,1.5,0,0,0,262144,7689,27432,0,1,0,0,234711,254455,0,0,0
UQ_new_4cf53725687c8dcc90a30fcea5cd4923e24e58b8.png,2.0,0,0,0,262144,7689,27432,0,1,0,0,234711,254455,0,0,0
UQ_new_4cf53725687c8dcc90a30fcea5cd4923e24e58b8.png,2.5,0,0,0,262144,7689,27432,0,1,0,0,234711,254455,0,0,0
UQ_new_4cf53725687c8dcc90a30fcea5cd4923e24e58b8.png,3.0,0,0,0,262144,7689,27432,0,1,0,0,234711,254455,0,0,0
UQ_new_4cf53725687c8dcc90a30fcea5cd4923e24e58b8.png,3.5,0,0,0,262144,7688,27432,0,1,0,1,234711,254455,1,1,1
UQ_new_4cf53725687c8dcc90a30fcea5cd4923e24e58b8.png,4.0,0,0,0,262144,7678,27432,0,1,0,15,234711,254451,15,10,3
UQ_new_4cf53725687c8dcc90a30fcea5cd4923e24e58b8.png,4.5,0,0,0,262144,7639,27432,0,1,0,77,234710,254429,77,25,3
UQ_new_4cf53725687c8dcc90a30fcea5cd4923e24e58b8.png,5.0,0,0,0,262144,7602,27431,0,1,0,193,234689,254372,193,42,3
UQ_new_4cf53725687c8dcc90a30fcea5cd4923e24e58b8.png,5.5,0,0,0,262144,7551,27425,0,1,0,357,234657,254297,357,86,9
UQ_new_4cf53725687c8dcc90a30fcea5cd4923e24e58b8.png,6.0,0,0,0,262144,7395,27405,0,1,0,827,234545,254115,827,218,23
UQ_new_4cf53725687c8dcc90a30fcea5cd4923e24e58b8.png,6.5,0,0,0,262144,7154,27343,0,1,0,1871,234233,253686,1871,490,48
UQ_new_4cf53725687c8dcc90a30fcea5cd4923e24e58b8.png,7.0,0,0,0,262144,6593,27298,0,1,0,4289,233185,252922,4289,1076,81
UQ_new_4cf53725687c8dcc90a30fcea5cd4923e24e58b8.png,7.5,0,0,0,262144,5839,27219,0,1,0,8791,230680,251758,8791,2034,129
UQ_new_4cf53725687c8dcc90a30fcea5cd4923e24e58b8.png,8.0,0,0,0,262144,4879,27131,0,1,0,17310,225168,249799,17310,3498,194
UQ_new_4cf826c1cc742e44e81ba174d2786cca77bc071a.png,-2.0,14776,2042,29,262144,16879,59125,38429,54282,604,15214,136402,203353,1042,216,17
UQ_new_4cf826c1cc742e44e81ba174d2786cca77bc071a.png,-1.5,14776,2042,29,262144,16878,59123,38428,54279,864,15494,136166,203056,1582,280,15
UQ_new_4cf826c1cc742e44e81ba174d2786cca77bc071a.png,-1.0,14776,2042,29,262144,16876,59120,38423,54276,1106,15806,135929,202752,2136,312,19
UQ_new_4cf826c1cc742e44e81ba174d2786cca77bc071a.png,-0.5,14776,2042,29,262144,16872,59114,38414,54274,1357,16215,135632,202410,2796,389,23
UQ_new_4cf826c1cc742e44e81ba174d2786cca77bc071a.png,0.0,14776,2042,29,262144,16858,59104,38405,54272,1667,16767,135241,201974,3658,450,22
UQ_new_4cf826c1cc742e44e81ba174d2786cca77bc071a.png,0.5,14776,2042,29,262144,16840,59090,38396,54268,1940,17630,134592,201532,4794,582,34
UQ_new_4cf826c1cc742e44e81ba174d2786cca77bc071a.png,1.0,14776,2042,29,262144,16805,59074,38379,54257,2222,18983,133589,200979,6429,758,37
UQ_new_4cf826c1cc742e44e81ba174d2786cca77bc071a.png,1.5,14776,2042,29,262144,16765,59058,38358,54247,2584,20708,132251,200317,8516,946,32
UQ_new_4cf826c1cc742e44e81ba174d2786cca77bc071a.png,2.0,14776,2042,29,262144,16681,59027,38337,54230,3057,22731,130756,199469,11012,1206,44
UQ_new_4cf826c1cc742e44e81ba174d2786cca77bc071a.png,2.5,14776,2042,29,262144,16572,58987,38310,54185,3777,25327,128813,198317,14328,1514,42
UQ_new_4cf826c1cc742e44e81ba174d2786cca77bc071a.png,3.0,14776,2042,29,262144,16431,58906,38268,54101,4442,28804,126225,197111,18470,1847,55
UQ_new_4cf826c1cc742e44e81ba174d2786cca77bc071a.png,3.5,14776,2042,29,262144,16266,58798,38222,53987,5103,33045,122975,195892,23372,2355,69
UQ_new_4cf826c1cc742e44e81ba174d2786cca77bc071a.png,4.0,14776,2042,29,262144,16049,58656,38136,53808,5821,38546,118918,194354,29591,2951,92
UQ_new_4cf826c1cc742e44e81ba174d2786cca77bc071a.png,4.5,14776,2042,29,262144,15696,58457,37977,53526,6659,46049,113735,192189,37932,3887,112
UQ_new_4cf826c1cc742e44e81ba174d2786cca77bc071a.png,5.0,14776,2042,29,262144,15301,58207,37696,53144,7579,55778,107081,189502,48581,5063,162
UQ_new_4cf826c1cc742e44e81ba174d2786cca77bc071a.png,5.5,14776,2042,29,262144,14709,57823,37094,52621,8545,69394,98054,186048,63163,6662,197
UQ_new_4cf826c1cc742e44e81ba174d2786cca77bc071a.png,6.0,14776,2042,29,262144,13826,57159,36109,51911,9606,88996,85126,181555,83826,9335,181
UQ_new_4cf826c1cc742e44e81ba174d2786cca77bc071a.png,6.5,14776,2042,29,262144,12562,56444,34678,51049,10786,112765,69828,176176,108775,11529,142
UQ_new_4cf826c1cc742e44e81ba174d2786cca77bc071a.png,7.0,14776,2042,29,262144,11073,55565,32793,50022,11838,139732,53507,169758,136794,13701,102
UQ_new_4cf826c1cc742e44e81ba174d2786cca77bc071a.png,7.5,14776,2042,29,262144,9374,54867,30293,49094,12809,166992,37851,163008,165025,15021,75
UQ_new_4cf826c1cc742e44e81ba174d2786cca77bc071a.png,8.0,14776,2042,29,262144,7649,54197,27416,48332,13586,190932,24636,157540,189742,14771,37
UQ_new_4dda8b434d3d436ba774bfe24c429da15772fa9b.png,-2.0,11777,1055,10,262144,3907,15310,25471,47882,1652,12347,187480,230239,2222,247,7
UQ_new_4dda8b434d3d436ba774bfe24c429da15772fa9b.png,-1.5,11777,1055,10,262144,3898,15305,25471,47881,1820,12603,187235,230075,2646,274,7
UQ_new_4dda8b434d3d436ba774bfe24c429da15772fa9b.png,-1.0,11777,1055,10,262144,3890,15299,25470,47871,2035,12835,187017,229871,3093,318,8
UQ_new_4dda8b434d3d436ba774bfe24c429da15772fa9b.png,-0.5,11777,1055,10,262144,3886,15285,25469,47863,2240,13132,186738,229675,3595,344,10
UQ_new_4dda8b434d3d436ba774bfe24c429da15772fa9b.png,0.0,11777,1055,10,262144,3873,15274,25468,47847,2563,13497,186408,229358,4283,429,14
UQ_new_4dda8b434d3d436ba774bfe24c429da15772fa9b.png,0.5,11777,1055,10,262144,3852,15261,25467,47837,2919,14039,185924,228989,5181,490,15
UQ_new_4dda8b434d3d436ba774bfe24c429da15772fa9b.png,1.0,11777,1055,10,262144,3835,15245,25466,47818,3278,14775,185336,228535,6276,586,24
UQ_new_4dda8b434d3d436ba774bfe24c429da15772fa9b.png,1.5,11777,1055,10,262144,3815,15231,25458,47783,3793,15845,184524,227839,7861,748,25
UQ_new_4dda8b434d3d436ba774bfe24c429da15772fa9b.png,2.0,11777,1055,10,262144,3786,15210,25450,47748,4462,17283,183395,226954,9968,926,33
UQ_new_4dda8b434d3d436ba774bfe24c429da15772fa9b.png,2.5,11777,1055,10,262144,3758,15188,25438,47691,5204,19313,181736,225960,12740,1168,44
UQ_new_4dda8b434d3d436ba774bfe24c429da15772fa9b.png,3.0,11777,1055,10,262144,3728,15177,25412,47625,6227,21919,179577,224623,16369,1385,45
UQ_new_4dda8b434d3d436ba774bfe24c429da15772fa9b.png,3.5,11777,1055,10,262144,3686,15138,25367,47532,7218,25651,176592,223104,21092,1791,44
UQ_new_4dda8b434d3d436ba774bfe24c429da15772fa9b.png,4.0,11777,1055,10,262144,3643,15103,25288,47453,8050,30849,172454,221448,27122,2252,58
UQ_new_4dda8b434d3d436ba774bfe24c429da15772fa9b.png,4.5,11777,1055,10,262144,3566,14970,25161,47330,8663,38058,166637,219903,34944,2943,75
UQ_new_4dda8b434d3d436ba774bfe24c429da15772fa9b.png,5.0,11777,1055,10,262144,3452,14743,24987,47153,9244,47556,158901,218252,45023,3959,88
UQ_new_4dda8b434d3d436ba774bfe24c429da15772fa9b.png,5.5,11777,1055,10,262144,3293,14241,24735,46877,9872,59967,148894,216409,58062,4998,102
UQ_new_4dda8b434d3d436ba774bfe24c429da15772fa9b.png,6.0,11777,1055,10,262144,3079,13472,24297,46430,10384,76031,136198,214397,74638,6444,112
UQ_new_4dda8b434d3d436ba774bfe24c429da15772fa9b.png,6.5,11777,1055,10,262144,2768,12679,23611,45830,10794,95728,120642,212236,94745,7989,100
UQ_new_4dda8b434d3d436ba774bfe24c429da15772fa9b.png,7.0,11777,1055,10,262144,2385,12023,22691,45014,11097,118162,102520,210396,117482,9548,72
UQ_new_4dda8b434d3d436ba774bfe24c429da15772fa9b.png,7.5,11777,1055,10,262144,2050,11341,21544,44031,11404,141696,83393,208829,141323,10575,42
UQ_new_4dda8b434d3d436ba774bfe24c429da15772fa9b.png,8.0,11777,1055,10,262144,1775,10868,20279,42860,11570,165534,63540,207862,165327,10868,32
UQ_new_4e2f76e018cf875297733560aa823fd5f3bb427d.png,-2.0,0,0,0,262144,4089,12375,0,0,0,0,249769,258055,0,0,0
UQ_new_4e2f76e018cf875297733560aa823fd5f3bb427d.png,-1.5,0,0,0,262144,4089,12375,0,0,0,0,249769,258055,0,0,0
UQ_new_4e2f76e018cf875297733560aa823fd5f3bb427d.png,-1.0,0,0,0,262144,4089,12375,0,0,0,0,249769,258055,0,0,0
UQ_new_4e2f76e018cf875297733560aa823fd5f3bb427d.png,-0.5,0,0,0,262144,4089,12375,0,0,0,0,249769,258055,0,0,0
UQ_new_4e2f76e018cf875297733560aa823fd5f3bb427d.png,0.0,0,0,0,262144,4089,12375,0,0,0,0,249769,258055,0,0,0
UQ_new_4e2f76e018cf875297733560aa823fd5f3bb427d.png,0.5,0,0,0,262144,4089,12375,0,0,0,0,249769,258055,0,0,0
UQ_new_4e2f76e018cf875297733560aa823fd5f3bb427d.png,1.0,0,0,0,262144,4089,12375,0,0,0,0,249769,258055,0,0,0
UQ_new_4e2f76e018cf875297733560aa823fd5f3bb427d.png,1.5,0,0,0,262144,4089,12375,0,0,0,0,249769,258055,0,0,0
UQ_new_4e2f76e018cf875297733560aa823fd5f3bb427d.png,2.0,0,0,0,262144,4089,12375,0,0,0,3,249769,258052,3,3,2
UQ_new_4e2f76e018cf875297733560aa823fd5f3bb427d.png,2.5,0,0,0,262144,4089,12375,0,0,0,117,249769,257938,117,28,1
UQ_new_4e2f76e018cf875297733560aa823fd5f3bb427d.png,3.0,0,0,0,262144,4087,12375,0,0,0,224,249768,257834,224,29,2
UQ_new_4e2f76e018cf875297733560aa823fd5f3bb427d.png,3.5,0,0,0,262144,4086,12375,0,0,0,389,249739,257699,389,35,2
UQ_new_4e2f76e018cf875297733560aa823fd5f3bb427d.png,4.0,0,0,0,262144,4081,12369,0,0,0,624,249697,257517,624,52,2
UQ_new_4e2f76e018cf875297733560aa823fd5f3bb427d.png,4.5,0,0,0,262144,4076,12369,0,0,0,863,249654,257326,863,79,1
UQ_new_4e2f76e018cf875297733560aa823fd5f3bb427d.png,5.0,0,0,0,262144,4066,12369,0,0,0,1233,249522,257098,1233,129,5
UQ_new_4e2f76e018cf875297733560aa823fd5f3bb427d.png,5.5,0,0,0,262144,4050,12369,0,0,0,1980,248968,256921,1980,210,17
UQ_new_4e2f76e018cf875297733560aa823fd5f3bb427d.png,6.0,0,0,0,262144,4001,12367,0,0,0,3476,247761,256683,3476,417,45
UQ_new_4e2f76e018cf875297733560aa823fd5f3bb427d.png,6.5,0,0,0,262144,3904,12323,0,0,0,6570,245372,256119,6570,961,82
UQ_new_4e2f76e018cf875297733560aa823fd5f3bb427d.png,7.0,0,0,0,262144,3705,12219,0,0,0,12730,240500,255134,12730,1921,134
UQ_new_4e2f76e018cf875297733560aa823fd5f3bb427d.png,7.5,0,0,0,262144,3350,12007,0,0,0,23665,231153,254113,23665,3543,184
UQ_new_4e2f76e018cf875297733560aa823fd5f3bb427d.png,8.0,0,0,0,262144,2839,11665,0,0,0,40956,215790,253038,40956,5619,202
UQ_new_4ef3e9d4f88b8eabf6eb439cd5343dbbcad04541.png,-2.0,1399,165,4,262144,41044,62181,3081,3914,180,1456,194641,217791,237,16,1
UQ_new_4ef3e9d4f88b8eabf6eb439cd5343dbbcad04541.png,-1.5,1399,165,4,262144,41041,62178,3081,3914,211,1477,194625,217761,289,34,2
UQ_new_4ef3e9d4f88b8eabf6eb439cd5343dbbcad04541.png,-1.0,1399,165,4,262144,41040,62175,3081,3914,255,1500,194604,217719,356,40,2
UQ_new_4ef3e9d4f88b8eabf6eb439cd5343dbbcad04541.png,-0.5,1399,165,4,262144,41036,62173,3081,3914,291,1537,194573,217683,429,51,3
UQ_new_4ef3e9d4f88b8eabf6eb439cd5343dbbcad04541.png,0.0,1399,165,4,262144,41031,62171,3081,3914,338,1603,194519,217631,542,75,4
UQ_new_4ef3e9d4f88b8eabf6eb439cd5343dbbcad04541.png,0.5,1399,165,4,262144,41023,62167,3081,3914,406,1757,194383,217557,764,123,6
UQ_new_4ef3e9d4f88b8eabf6eb439cd5343dbbcad04541.png,1.0,1399,165,4,262144,41014,62166,3081,3914,498,2076,194075,217464,1175,182,10
UQ_new_4ef3e9d4f88b8eabf6eb439cd5343dbbcad04541.png,1.5,1399,165,4,262144,40985,62164,3081,3914,604,2529,193675,217336,1734,224,14
UQ_new_4ef3e9d4f88b8eabf6eb439cd5343dbbcad04541.png,2.0,1399,165,4,262144,40933,62157,3081,3914,719,3199,193107,217178,2519,291,15
UQ_new_4ef3e9d4f88b8eabf6eb439cd5343dbbcad04541.png,2.5,1399,165,4,262144,40849,62149,3081,3912,858,4032,192457,216950,3491,407,19
UQ_new_4ef3e9d4f88b8eabf6eb439cd5343dbbcad04541.png,3.0,1399,165,4,262144,40736,62132,3081,3908,1019,5217,191529,216666,4837,524,25
UQ_new_4ef3e9d4f88b8eabf6eb439cd5343dbbcad04541.png,3.5,1399,165,4,262144,40567,62106,3081,3898,1155,6898,190214,216369,6654,745,29
UQ_new_4ef3e9d4f88b8eabf6eb439cd5343dbbcad04541.png,4.0,1399,165,4,262144,40331,62029,3080,3881,1258,9079,188663,215967,8938,987,45
UQ_new_4ef3e9d4f88b8eabf6eb439cd5343dbbcad04541.png,4.5,1399,165,4,262144,39960,61915,3071,3863,1310,12157,186509,215503,12068,1348,70
UQ_new_4ef3e9d4f88b8eabf6eb439cd5343dbbcad04541.png,5.0,1399,165,4,262144,39382,61737,3058,3836,1341,17236,182955,214743,17178,2226,83
UQ_new_4ef3e9d4f88b8eabf6eb439cd5343dbbcad04541.png,5.5,1399,165,4,262144,38540,61417,3023,3819,1355,24309,177917,213908,24265,3130,87
UQ_new_4ef3e9d4f88b8eabf6eb439cd5343dbbcad04541.png,6.0,1399,165,4,262144,37294,60923,2966,3803,1368,32959,171966,213009,32928,4195,146
UQ_new_4ef3e9d4f88b8eabf6eb439cd5343dbbcad04541.png,6.5,1399,165,4,262144,35677,60135,2890,3785,1382,44418,164022,211979,44401,5810,164
UQ_new_4ef3e9d4f88b8eabf6eb439cd5343dbbcad04541.png,7.0,1399,165,4,262144,33500,59137,2767,3758,1391,59058,153789,210888,59050,7526,206
UQ_new_4ef3e9d4f88b8eabf6eb439cd5343dbbcad04541.png,7.5,1399,165,4,262144,30731,58030,2612,3723,1397,77038,141032,209725,77036,9695,210
UQ_new_4ef3e9d4f88b8eabf6eb439cd5343dbbcad04541.png,8.0,1399,165,4,262144,27590,56768,2456,3693,1399,97523,126273,208586,97523,11463,169
UQ_new_4f51b17e1fc9ff81e46aa9361e12cd1808abbfa8.png,-2.0,0,0,0,262144,3202,13454,0,0,0,0,248690,258942,0,0,0
UQ_new_4f51b17e1fc9ff81e46aa9361e12cd1808abbfa8.png,-1.5,0,0,0,262144,3202,13454,0,0,0,0,248690,258942,0,0,0
UQ_new_4f51b17e1fc9ff81e46aa9361e12cd1808abbfa8.png,-1.0,0,0,0,262144,3202,13454,0,0,0,0,248690,258942,0,0,0
UQ_new_4f51b17e1fc9ff81e46aa9361e12cd1808abbfa8.png,-0.5,0,0,0,262144,3202,13454,0,0,0,0,248690,258942,0,0,0
UQ_new_4f51b17e1fc9ff81e46aa9361e12cd1808abbfa8.png,0.0,0,0,0,262144,3202,13454,0,0,0,0,248690,258942,0,0,0
UQ_new_4f51b17e1fc9ff81e46aa9361e12cd1808abbfa8.png,0.5,0,0,0,262144,3202,13454,0,0,0,0,248690,258942,0,0,0
UQ_new_4f51b17e1fc9ff81e46aa9361e12cd1808abbfa8.png,1.0,0,0,0,262144,3202,13454,0,0,0,0,248690,258942,0,0,0
UQ_new_4f51b17e1fc9ff81e46aa9361e12cd1808abbfa8.png,1.5,0,0,0,262144,3202,13454,0,0,0,0,248690,258942,0,0,0
UQ_new_4f51b17e1fc9ff81e46aa9361e12cd1808abbfa8.png,2.0,0,0,0,262144,3202,13454,0,0,0,0,248690,258942,0,0,0
UQ_new_4f51b17e1fc9ff81e46aa9361e12cd1808abbfa8.png,2.5,0,0,0,262144,3202,13454,0,0,0,0,248690,258942,0,0,0
UQ_new_4f51b17e1fc9ff81e46aa9361e12cd1808abbfa8.png,3.0,0,0,0,262144,3202,13454,0,0,0,0,248690,258942,0,0,0
UQ_new_4f51b17e1fc9ff81e46aa9361e12cd1808abbfa8.png,3.5,0,0,0,262144,3202,13454,0,0,0,27,248663,258942,27,14,2
UQ_new_4f51b17e1fc9ff81e46aa9361e12cd1808abbfa8.png,4.0,0,0,0,262144,3202,13453,0,0,0,154,248537,258942,154,33,4
UQ_new_4f51b17e1fc9ff81e46aa9361e12cd1808abbfa8.png,4.5,0,0,0,262144,3202,13453,0,0,0,468,248225,258940,468,90,10
UQ_new_4f51b17e1fc9ff81e46aa9361e12cd1808abbfa8.png,5.0,0,0,0,262144,3182,13450,0,0,0,1256,247570,258830,1256,184,23
UQ_new_4f51b17e1fc9ff81e46aa9361e12cd1808abbfa8.png,5.5,0,0,0,262144,3143,13413,0,0,0,2960,246303,258469,2960,425,34
UQ_new_4f51b17e1fc9ff81e46aa9361e12cd1808abbfa8.png,6.0,0,0,0,262144,3025,13342,0,0,0,5908,244056,257957,5908,878,55
UQ_new_4f51b17e1fc9ff81e46aa9361e12cd1808abbfa8.png,6.5,0,0,0,262144,2809,13191,0,0,0,11669,239771,256848,11669,1667,99
UQ_new_4f51b17e1fc9ff81e46aa9361e12cd1808abbfa8.png,7.0,0,0,0,262144,2569,13005,0,0,0,21153,232574,254987,21153,2849,165
UQ_new_4f51b17e1fc9ff81e46aa9361e12cd1808abbfa8.png,7.5,0,0,0,262144,2262,12778,0,0,0,34400,221255,253593,34400,4368,165
UQ_new_4f51b17e1fc9ff81e46aa9361e12cd1808abbfa8.png,8.0,0,0,0,262144,1834,12613,0,0,0,51326,206291,252224,51326,6141,125
UQ_new_4f9ae092dd734b59fae30eb3eaad39ff363ae5da.png,-2.0,133,13,1,262144,207532,234276,0,0,0,1121,27734,53625,988,160,4
UQ_new_4f9ae092dd734b59fae30eb3eaad39ff363ae5da.png,-1.5,133,13,1,262144,207431,234276,0,0,0,1304,27722,53555,1171,180,5
UQ_new_4f9ae092dd734b59fae30eb3eaad39ff363ae5da.png,-1.0,133,13,1,262144,207264,234276,0,0,0,1598,27648,53502,1465,231,11
UQ_new_4f9ae092dd734b59fae30eb3eaad39ff363ae5da.png,-0.5,133,13,1,262144,207019,234276,0,0,0,2090,27481,53422,1957,283,12
UQ_new_4f9ae092dd734b59fae30eb3eaad39ff363ae5da.png,0.0,133,13,1,262144,206751,234276,0,0,0,2686,27281,53294,2553,342,13
UQ_new_4f9ae092dd734b59fae30eb3eaad39ff363ae5da.png,0.5,133,13,1,262144,206364,234276,0,0,0,3410,27122,53116,3277,417,17
UQ_new_4f9ae092dd734b59fae30eb3eaad39ff363ae5da.png,1.0,133,13,1,262144,205860,234274,0,0,0,4269,26926,52959,4136,544,19
UQ_new_4f9ae092dd734b59fae30eb3eaad39ff363ae5da.png,1.5,133,13,1,262144,205321,234273,0,0,0,5266,26719,52709,5133,641,29
UQ_new_4f9ae092dd734b59fae30eb3eaad39ff363ae5da.png,2.0,133,13,1,262144,204453,234248,0,0,0,6698,26481,52408,6565,796,39
UQ_new_4f9ae092dd734b59fae30eb3eaad39ff363ae5da.png,2.5,133,13,1,262144,203328,234197,0,0,3,8505,26187,52068,8375,982,43
UQ_new_4f9ae092dd734b59fae30eb3eaad39ff363ae5da.png,3.0,133,13,1,262144,201880,234155,0,0,18,11000,25766,51469,10885,1295,51
UQ_new_4f9ae092dd734b59fae30eb3eaad39ff363ae5da.png,3.5,133,13,1,262144,200141,234092,0,0,44,14152,25253,50606,14063,1698,56
UQ_new_4f9ae092dd734b59fae30eb3eaad39ff363ae5da.png,4.0,133,13,1,262144,197934,234007,0,0,74,17992,24798,49483,17933,2172,70
UQ_new_4f9ae092dd734b59fae30eb3eaad39ff363ae5da.png,4.5,133,13,1,262144,195067,233907,0,0,103,22891,24224,48096,22861,2860,90
UQ_new_4f9ae092dd734b59fae30eb3eaad39ff363ae5da.png,5.0,133,13,1,262144,191377,233751,0,0,132,29446,23340,46242,29445,3629,105
UQ_new_4f9ae092dd734b59fae30eb3eaad39ff363ae5da.png,5.5,133,13,1,262144,186990,233501,0,0,133,37734,22086,43844,37734,4655,132
UQ_new_4f9ae092dd734b59fae30eb3eaad39ff363ae5da.png,6.0,133,13,1,262144,181462,233083,0,0,133,48110,20383,41117,48110,5958,168
UQ_new_4f9ae092dd734b59fae30eb3eaad39ff363ae5da.png,6.5,133,13,1,262144,174538,232554,0,0,133,60751,18088,38224,60751,7572,165
UQ_new_4f9ae092dd734b59fae30eb3eaad39ff363ae5da.png,7.0,133,13,1,262144,165907,232028,0,0,133,75001,15594,35625,75001,8985,171
UQ_new_4f9ae092dd734b59fae30eb3eaad39ff363ae5da.png,7.5,133,13,1,262144,155386,231515,0,0,133,90967,12462,33825,90967,10390,141
UQ_new_4f9ae092dd734b59fae30eb3eaad39ff363ae5da.png,8.0,133,13,1,262144,143240,231146,0,0,133,108103,9106,32560,108103,11689,122
UQ_new_4f9cd2c81dbc6f0efc56a2d75e07b9923149ce50.png,-2.0,0,0,0,262144,178976,192634,0,152,0,0,69358,83168,0,0,0
UQ_new_4f9cd2c81dbc6f0efc56a2d75e07b9923149ce50.png,-1.5,0,0,0,262144,178976,192634,0,152,0,0,69358,83168,0,0,0
UQ_new_4f9cd2c81dbc6f0efc56a2d75e07b9923149ce50.png,-1.0,0,0,0,262144,178976,192634,0,152,0,0,69358,83168,0,0,0
UQ_new_4f9cd2c81dbc6f0efc56a2d75e07b9923149ce50.png,-0.5,0,0,0,262144,178976,192634,0,152,0,0,69358,83168,0,0,0
UQ_new_4f9cd2c81dbc6f0efc56a2d75e07b9923149ce50.png,0.0,0,0,0,262144,178976,192634,0,152,0,0,69358,83168,0,0,0
UQ_new_4f9cd2c81dbc6f0efc56a2d75e07b9923149ce50.png,0.5,0,0,0,262144,178976,192634,0,152,0,0,69358,83168,0,0,0
UQ_new_4f9cd2c81dbc6f0efc56a2d75e07b9923149ce50.png,1.0,0,0,0,262144,178976,192634,0,152,0,0,69358,83168,0,0,0
UQ_new_4f9cd2c81dbc6f0efc56a2d75e07b9923149ce50.png,1.5,0,0,0,262144,178976,192634,0,152,0,0,69358,83168,0,0,0
UQ_new_4f9cd2c81dbc6f0efc56a2d75e07b9923149ce50.png,2.0,0,0,0,262144,178976,192634,0,152,0,0,69358,83168,0,0,0
UQ_new_4f9cd2c81dbc6f0efc56a2d75e07b9923149ce50.png,2.5,0,0,0,262144,178969,192634,0,152,0,14,69354,83165,14,9,4
UQ_new_4f9cd2c81dbc6f0efc56a2d75e07b9923149ce50.png,3.0,0,0,0,262144,178929,192633,0,152,0,114,69307,83153,114,38,6
UQ_new_4f9cd2c81dbc6f0efc56a2d75e07b9923149ce50.png,3.5,0,0,0,262144,178859,192628,0,152,0,326,69183,83140,326,89,10
UQ_new_4f9cd2c81dbc6f0efc56a2d75e07b9923149ce50.png,4.0,0,0,0,262144,178780,192620,0,152,0,670,68955,83111,670,133,11
UQ_new_4f9cd2c81dbc6f0efc56a2d75e07b9923149ce50.png,4.5,0,0,0,262144,178680,192604,0,151,0,1157,68636,83060,1157,229,9
UQ_new_4f9cd2c81dbc6f0efc56a2d75e07b9923149ce50.png,5.0,0,0,0,262144,178568,192573,0,139,0,1795,68308,82905,1795,298,13
UQ_new_4f9cd2c81dbc6f0efc56a2d75e07b9923149ce50.png,5.5,0,0,0,262144,178409,192544,0,102,0,2498,67978,82757,2498,383,13
UQ_new_4f9cd2c81dbc6f0efc56a2d75e07b9923149ce50.png,6.0,0,0,0,262144,178198,192515,0,65,0,3154,67743,82613,3154,436,25
UQ_new_4f9cd2c81dbc6f0efc56a2d75e07b9923149ce50.png,6.5,0,0,0,262144,177814,192479,0,45,0,4287,67330,82333,4287,756,60
UQ_new_4f9cd2c81dbc6f0efc56a2d75e07b9923149ce50.png,7.0,0,0,0,262144,177092,192412,0,29,0,6534,66436,81785,6534,1335,112
UQ_new_4f9cd2c81dbc6f0efc56a2d75e07b9923149ce50.png,7.5,0,0,0,262144,175921,192307,0,13,0,10341,64886,80820,10341,2265,176
UQ_new_4f9cd2c81dbc6f0efc56a2d75e07b9923149ce50.png,8.0,0,0,0,262144,174105,192184,0,2,0,16086,62456,79455,16086,3640,248
UQ_new_4fdd039647526af148f19b8a1c841d4957b326f3.png,-2.0,39920,4926,45,262144,18347,57246,26169,44130,193,39966,131335,206902,239,42,5
UQ_new_4fdd039647526af148f19b8a1c841d4957b326f3.png,-1.5,39920,4926,45,262144,18347,57246,26168,44125,242,40049,131287,206824,371,70,5
UQ_new_4fdd039647526af148f19b8a1c841d4957b326f3.png,-1.0,39920,4926,45,262144,18343,57246,26166,44121,299,40163,131201,206749,542,89,9
UQ_new_4fdd039647526af148f19b8a1c841d4957b326f3.png,-0.5,39920,4926,45,262144,18332,57243,26161,44119,380,40339,131072,206642,799,141,15
UQ_new_4fdd039647526af148f19b8a1c841d4957b326f3.png,0.0,39920,4926,45,262144,18303,57241,26153,44111,620,40705,130784,206371,1405,238,23
UQ_new_4fdd039647526af148f19b8a1c841d4957b326f3.png,0.5,39920,4926,45,262144,18279,57233,26142,44104,1041,41297,130334,205858,2418,402,28
UQ_new_4fdd039647526af148f19b8a1c841d4957b326f3.png,1.0,39920,4926,45,262144,18248,57207,26116,44092,1575,42223,129720,205107,3878,551,24
UQ_new_4fdd039647526af148f19b8a1c841d4957b326f3.png,1.5,39920,4926,45,262144,18200,57165,26080,44081,2190,43280,129010,204282,5550,690,28
UQ_new_4fdd039647526af148f19b8a1c841d4957b326f3.png,2.0,39920,4926,45,262144,18131,57051,26041,44064,3066,44693,128045,203197,7839,919,35
UQ_new_4fdd039647526af148f19b8a1c841d4957b326f3.png,2.5,39920,4926,45,262144,18014,56837,26000,44044,4020,46464,126851,202058,10564,1176,44
UQ_new_4fdd039647526af148f19b8a1c841d4957b326f3.png,3.0,39920,4926,45,262144,17864,56513,25942,44003,5244,48913,125221,200588,14237,1553,57
UQ_new_4fdd039647526af148f19b8a1c841d4957b326f3.png,3.5,39920,4926,45,262144,17671,55931,25866,43926,7102,52448,122910,198434,19630,2121,77
UQ_new_4fdd039647526af148f19b8a1c841d4957b326f3.png,4.0,39920,4926,45,262144,17409,54884,25760,43810,9205,57496,119663,196061,26781,2919,114
UQ_new_4fdd039647526af148f19b8a1c841d4957b326f3.png,4.5,39920,4926,45,262144,17027,53212,25562,43635,12277,65451,114370,192754,37808,4211,171
UQ_new_4fdd039647526af148f19b8a1c841d4957b326f3.png,5.0,39920,4926,45,262144,16442,50714,25210,43322,16051,78160,105952,188437,54291,6310,170
UQ_new_4fdd039647526af148f19b8a1c841d4957b326f3.png,5.5,39920,4926,45,262144,15668,47275,24673,42892,20159,95747,94414,183460,75986,8686,165
UQ_new_4fdd039647526af148f19b8a1c841d4957b326f3.png,6.0,39920,4926,45,262144,14724,43661,23927,42252,24734,116458,80991,177541,101272,11100,142
UQ_new_4fdd039647526af148f19b8a1c841d4957b326f3.png,6.5,39920,4926,45,262144,13532,40049,22999,41515,29212,138763,66371,171847,128055,13201,119
UQ_new_4fdd039647526af148f19b8a1c841d4957b326f3.png,7.0,39920,4926,45,262144,12143,36189,21855,40688,33160,162110,51091,167052,155350,14772,79
UQ_new_4fdd039647526af148f19b8a1c841d4957b326f3.png,7.5,39920,4926,45,262144,10750,32939,20549,40003,35851,182954,37478,163764,178885,14846,49
UQ_new_4fdd039647526af148f19b8a1c841d4957b326f3.png,8.0,39920,4926,45,262144,9326,30189,18972,39410,37796,201422,25921,161252,199298,14531,33
UQ_new_5252e4a17bcb4c71758aa81dac60f23ba65c84c6.png,-2.0,0,0,0,262144,9058,35226,0,0,0,0,226918,253086,0,0,0
UQ_new_5252e4a17bcb4c71758aa81dac60f23ba65c84c6.png,-1.5,0,0,0,262144,9058,35226,0,0,0,0,226918,253086,0,0,0
UQ_new_5252e4a17bcb4c71758aa81dac60f23ba65c84c6.png,-1.0,0,0,0,262144,9058,35226,0,0,0,0,226918,253086,0,0,0
UQ_new_5252e4a17bcb4c71758aa81dac60f23ba65c84c6.png,-0.5,0,0,0,262144,9058,35226,0,0,0,0,226918,253086,0,0,0
UQ_new_5252e4a17bcb4c71758aa81dac60f23ba65c84c6.png,0.0,0,0,0,262144,9058,35226,0,0,0,14,226904,253086,14,9,2
UQ_new_5252e4a17bcb4c71758aa81dac60f23ba65c84c6.png,0.5,0,0,0,262144,9058,35226,0,0,0,100,226818,253086,100,23,2
UQ_new_5252e4a17bcb4c71758aa81dac60f23ba65c84c6.png,1.0,0,0,0,262144,9058,35226,0,0,0,218,226700,253086,218,36,5
UQ_new_5252e4a17bcb4c71758aa81dac60f23ba65c84c6.png,1.5,0,0,0,262144,9058,35226,0,0,0,389,226529,253086,389,56,5
UQ_new_5252e4a17bcb4c71758aa81dac60f23ba65c84c6.png,2.0,0,0,0,262144,9058,35226,0,0,0,670,226249,253085,670,77,6
UQ_new_5252e4a17bcb4c71758aa81dac60f23ba65c84c6.png,2.5,0,0,0,262144,9058,35222,0,0,0,994,225950,253064,994,99,7
UQ_new_5252e4a17bcb4c71758aa81dac60f23ba65c84c6.png,3.0,0,0,0,262144,9055,35215,0,0,0,1413,225560,253045,1413,146,8
UQ_new_5252e4a17bcb4c71758aa81dac60f23ba65c84c6.png,3.5,0,0,0,262144,9048,35200,0,0,0,2068,224968,253004,2068,236,12
UQ_new_5252e4a17bcb4c71758aa81dac60f23ba65c84c6.png,4.0,0,0,0,262144,9035,35181,0,0,0,3127,224142,252803,3127,324,17
UQ_new_5252e4a17bcb4c71758aa81dac60f23ba65c84c6.png,4.5,0,0,0,262144,9016,35161,0,0,0,4686,223141,252284,4686,469,25
UQ_new_5252e4a17bcb4c71758aa81dac60f23ba65c84c6.png,5.0,0,0,0,262144,8939,35128,0,0,0,7003,221767,251451,7003,758,41
UQ_new_5252e4a17bcb4c71758aa81dac60f23ba65c84c6.png,5.5,0,0,0,262144,8813,35069,0,0,0,11425,219602,249379,11425,1298,60
UQ_new_5252e4a17bcb4c71758aa81dac60f23ba65c84c6.png,6.0,0,0,0,262144,8565,34915,0,0,0,18824,215943,246041,18824,2255,103
UQ_new_5252e4a17bcb4c71758aa81dac60f23ba65c84c6.png,6.5,0,0,0,262144,8137,34635,0,0,0,29820,209884,241812,29820,3602,140
UQ_new_5252e4a17bcb4c71758aa81dac60f23ba65c84c6.png,7.0,0,0,0,262144,7352,34265,0,0,0,45486,199627,237558,45486,5246,180
UQ_new_5252e4a17bcb4c71758aa81dac60f23ba65c84c6.png,7.5,0,0,0,262144,6101,33870,0,0,0,65504,184442,234371,65504,7193,202
UQ_new_5252e4a17bcb4c71758aa81dac60f23ba65c84c6.png,8.0,0,0,0,262144,4718,33419,0,0,0,92296,161790,232065,92296,9426,187
UQ_new_57da8ea021e3aa6b68774a0335a498cbd09fa0e6.png,-2.0,0,0,0,262144,129754,150524,0,0,0,155,111483,132372,155,39,2
UQ_new_57da8ea021e3aa6b68774a0335a498cbd09fa0e6.png,-1.5,0,0,0,262144,129749,150523,0,0,0,257,111392,132367,257,45,2
UQ_new_57da8ea021e3aa6b68774a0335a498cbd09fa0e6.png,-1.0,0,0,0,262144,129744,150512,0,0,0,353,111321,132358,353,63,3
UQ_new_57da8ea021e3aa6b68774a0335a498cbd09fa0e6.png,-0.5,0,0,0,262144,129738,150486,0,0,0,485,111263,132316,485,84,4
UQ_new_57da8ea021e3aa6b68774a0335a498cbd09fa0e6.png,0.0,0,0,0,262144,129725,150459,0,0,0,620,111219,132265,620,96,4
UQ_new_57da8ea021e3aa6b68774a0335a498cbd09fa0e6.png,0.5,0,0,0,262144,129702,150427,0,0,0,746,111169,132244,746,112,3
UQ_new_57da8ea021e3aa6b68774a0335a498cbd09fa0e6.png,1.0,0,0,0,262144,129666,150393,0,0,0,938,111091,132200,938,148,8
UQ_new_57da8ea021e3aa6b68774a0335a498cbd09fa0e6.png,1.5,0,0,0,262144,129624,150351,0,0,0,1252,110987,132074,1252,175,9
UQ_new_57da8ea021e3aa6b68774a0335a498cbd09fa0e6.png,2.0,0,0,0,262144,129570,150278,0,0,0,1680,110846,131914,1680,226,14
UQ_new_57da8ea021e3aa6b68774a0335a498cbd09fa0e6.png,2.5,0,0,0,262144,129500,150202,0,0,0,2310,110629,131647,2310,302,11
UQ_new_57da8ea021e3aa6b68774a0335a498cbd09fa0e6.png,3.0,0,0,0,262144,129402,150095,0,0,0,2993,110431,131367,2993,387,12
UQ_new_57da8ea021e3aa6b68774a0335a498cbd09fa0e6.png,3.5,0,0,0,262144,129290,149965,0,0,0,3827,110179,131027,3827,480,13
UQ_new_57da8ea021e3aa6b68774a0335a498cbd09fa0e6.png,4.0,0,0,0,262144,129144,149830,0,0,0,4790,109832,130692,4790,513,16
UQ_new_57da8ea021e3aa6b68774a0335a498cbd09fa0e6.png,4.5,0,0,0,262144,128941,149698,0,0,0,6078,109285,130286,6078,706,20
UQ_new_57da8ea021e3aa6b68774a0335a498cbd09fa0e6.png,5.0,0,0,0,262144,128650,149544,0,0,0,7945,108418,129731,7945,1001,34
UQ_new_57da8ea021e3aa6b68774a0335a498cbd09fa0e6.png,5.5,0,0,0,262144,128349,149376,0,0,0,10264,107172,129127,10264,1277,45
UQ_new_57da8ea021e3aa6b68774a0335a498cbd09fa0e6.png,6.0,0,0,0,262144,127980,149231,0,0,0,13263,105287,128527,13263,1669,62
UQ_new_57da8ea021e3aa6b68774a0335a498cbd09fa0e6.png,6.5,0,0,0,262144,127485,149033,0,0,0,17767,102145,127858,17767,2403,110
UQ_new_57da8ea021e3aa6b68774a0335a498cbd09fa0e6.png,7.0,0,0,0,262144,126762,148759,0,0,0,24034,97774,126959,24034,3403,141
UQ_new_57da8ea021e3aa6b68774a0335a498cbd09fa0e6.png,7.5,0,0,0,262144,125586,148441,0,0,0,31823,92665,125773,31823,4545,193
UQ_new_57da8ea021e3aa6b68774a0335a498cbd09fa0e6.png,8.0,0,0,0,262144,123770,148049,0,0,0,41906,86229,124334,41906,6170,215
UQ_new_5a5cdcd19ba288b773e2c85870e85cc91234f2ca.png,-2.0,0,0,0,262144,7158,31936,0,0,0,29,230179,254986,29,7,1
UQ_new_5a5cdcd19ba288b773e2c85870e85cc91234f2ca.png,-1.5,0,0,0,262144,7158,31936,0,0,0,60,230148,254986,60,11,1
UQ_new_5a5cdcd19ba288b773e2c85870e85cc91234f2ca.png,-1.0,0,0,0,262144,7158,31936,0,0,0,90,230118,254986,90,9,1
UQ_new_5a5cdcd19ba288b773e2c85870e85cc91234f2ca.png,-0.5,0,0,0,262144,7158,31936,0,0,0,120,230088,254986,120,7,1
UQ_new_5a5cdcd19ba288b773e2c85870e85cc91234f2ca.png,0.0,0,0,0,262144,7158,31936,0,0,0,148,230060,254986,148,12,1
UQ_new_5a5cdcd19ba288b773e2c85870e85cc91234f2ca.png,0.5,0,0,0,262144,7157,31936,0,0,0,208,230004,254983,208,24,3
UQ_new_5a5cdcd19ba288b773e2c85870e85cc91234f2ca.png,1.0,0,0,0,262144,7154,31936,0,0,0,348,229874,254976,348,44,5
UQ_new_5a5cdcd19ba288b773e2c85870e85cc91234f2ca.png,1.5,0,0,0,262144,7143,31936,0,0,0,647,229620,254942,647,81,5
UQ_new_5a5cdcd19ba288b773e2c85870e85cc91234f2ca.png,2.0,0,0,0,262144,7124,31935,0,0,0,1110,229275,254844,1110,103,7
UQ_new_5a5cdcd19ba288b773e2c85870e85cc91234f2ca.png,2.5,0,0,0,262144,7093,31930,0,0,0,1679,228874,254712,1679,192,15
UQ_new_5a5cdcd19ba288b773e2c85870e85cc91234f2ca.png,3.0,0,0,0,262144,7000,31916,0,0,0,2660,228205,254507,2660,262,17
UQ_new_5a5cdcd19ba288b773e2c85870e85cc91234f2ca.png,3.5,0,0,0,262144,6869,31907,0,0,0,4013,227424,254075,4013,404,16
UQ_new_5a5cdcd19ba288b773e2c85870e85cc91234f2ca.png,4.0,0,0,0,262144,6702,31901,0,0,0,5972,226525,253188,5972,539,22
UQ_new_5a5cdcd19ba288b773e2c85870e85cc91234f2ca.png,4.5,0,0,0,262144,6440,31899,0,0,0,8762,225381,251806,8762,753,30
UQ_new_5a5cdcd19ba288b773e2c85870e85cc91234f2ca.png,5.0,0,0,0,262144,6131,31890,0,0,0,12636,223608,250023,12636,1233,43
UQ_new_5a5cdcd19ba288b773e2c85870e85cc91234f2ca.png,5.5,0,0,0,262144,5742,31884,0,0,0,17821,221013,247828,17821,1695,62
UQ_new_5a5cdcd19ba288b773e2c85870e85cc91234f2ca.png,6.0,0,0,0,262144,5268,31880,0,0,0,24974,217173,244993,24974,2508,100
UQ_new_5a5cdcd19ba288b773e2c85870e85cc91234f2ca.png,6.5,0,0,0,262144,4643,31879,0,0,0,34907,210907,241952,34907,3487,112
UQ_new_5a5cdcd19ba288b773e2c85870e85cc91234f2ca.png,7.0,0,0,0,262144,3880,31877,0,0,0,47332,201503,239696,47332,4482,151
UQ_new_5a5cdcd19ba288b773e2c85870e85cc91234f2ca.png,7.5,0,0,0,262144,3096,31868,0,0,0,64390,187202,237732,64390,5945,145
UQ_new_5a5cdcd19ba288b773e2c85870e85cc91234f2ca.png,8.0,0,0,0,262144,2296,31858,0,0,0,86489,167522,236123,86489,8013,122
UQ_new_5be29377860870d65e5ac309798e7b689812608a.png,-2.0,0,0,0,262144,3332,16378,0,0,0,0,245766,258812,0,0,0
UQ_new_5be29377860870d65e5ac309798e7b689812608a.png,-1.5,0,0,0,262144,3332,16378,0,0,0,0,245766,258812,0,0,0
UQ_new_5be29377860870d65e5ac309798e7b689812608a.png,-1.0,0,0,0,262144,3332,16378,0,0,0,0,245766,258812,0,0,0
UQ_new_5be29377860870d65e5ac309798e7b689812608a.png,-0.5,0,0,0,262144,3332,16378,0,0,0,0,245766,258812,0,0,0
UQ_new_5be29377860870d65e5ac309798e7b689812608a.png,0.0,0,0,0,262144,3332,16378,0,0,0,0,245766,258812,0,0,0
UQ_new_5be29377860870d65e5ac309798e7b689812608a.png,0.5,0,0,0,262144,3332,16378,0,0,0,0,245766,258812,0,0,0
UQ_new_5be29377860870d65e5ac309798e7b689812608a.png,1.0,0,0,0,262144,3332,16378,0,0,0,0,245766,258812,0,0,0
UQ_new_5be29377860870d65e5ac309798e7b689812608a.png,1.5,0,0,0,262144,3332,16378,0,0,0,0,245766,258812,0,0,0
UQ_new_5be29377860870d65e5ac309798e7b689812608a.png,2.0,0,0,0,262144,3332,16378,0,0,0,0,245766,258812,0,0,0
UQ_new_5be29377860870d65e5ac309798e7b689812608a.png,2.5,0,0,0,262144,3332,16378,0,0,0,0,245766,258812,0,0,0
UQ_new_5be29377860870d65e5ac309798e7b689812608a.png,3.0,0,0,0,262144,3332,16378,0,0,0,9,245757,258812,9,4,1
UQ_new_5be29377860870d65e5ac309798e7b689812608a.png,3.5,0,0,0,262144,3332,16378,0,0,0,38,245728,258812,38,11,2
UQ_new_5be29377860870d65e5ac309798e7b689812608a.png,4.0,0,0,0,262144,3332,16378,0,0,0,97,245671,258810,97,18,2
UQ_new_5be29377860870d65e5ac309798e7b689812608a.png,4.5,0,0,0,262144,3332,16378,0,0,0,201,245576,258801,201,38,7
UQ_new_5be29377860870d65e5ac309798e7b689812608a.png,5.0,0,0,0,262144,3329,16378,0,0,0,659,245179,258743,659,133,22
UQ_new_5be29377860870d65e5ac309798e7b689812608a.png,5.5,0,0,0,262144,3327,16378,0,0,0,2325,243718,258540,2325,427,48
UQ_new_5be29377860870d65e5ac309798e7b689812608a.png,6.0,0,0,0,262144,3314,16374,0,0,0,6324,240533,257743,6324,1070,78
UQ_new_5be29377860870d65e5ac309798e7b689812608a.png,6.5,0,0,0,262144,3214,16361,0,0,0,13553,234820,256340,13553,1968,120
UQ_new_5be29377860870d65e5ac309798e7b689812608a.png,7.0,0,0,0,262144,2967,16303,0,0,0,25440,225431,254147,25440,3505,181
UQ_new_5be29377860870d65e5ac309798e7b689812608a.png,7.5,0,0,0,262144,2656,16181,0,0,0,43418,210694,251339,43418,5647,180
UQ_new_5be29377860870d65e5ac309798e7b689812608a.png,8.0,0,0,0,262144,2167,16065,0,0,0,65884,190562,249610,65884,7434,165
UQ_new_5c8760a261c886cdbd8bf98a1f7d55caade3a7dd.png,-2.0,0,0,0,262144,194983,232209,0,1501,0,1430,29935,64230,1430,182,8
UQ_new_5c8760a261c886cdbd8bf98a1f7d55caade3a7dd.png,-1.5,0,0,0,262144,194850,232209,0,1501,0,1758,29935,64035,1758,207,10
UQ_new_5c8760a261c886cdbd8bf98a1f7d55caade3a7dd.png,-1.0,0,0,0,262144,194702,232209,0,1501,0,2148,29935,63793,2148,245,9
UQ_new_5c8760a261c886cdbd8bf98a1f7d55caade3a7dd.png,-0.5,0,0,0,262144,194528,232209,0,1501,0,2529,29935,63586,2529,281,9
UQ_new_5c8760a261c886cdbd8bf98a1f7d55caade3a7dd.png,0.0,0,0,0,262144,194309,232209,0,1501,0,2948,29935,63386,2948,304,10
UQ_new_5c8760a261c886cdbd8bf98a1f7d55caade3a7dd.png,0.5,0,0,0,262144,194048,232209,0,1501,0,3436,29935,63159,3436,362,12
UQ_new_5c8760a261c886cdbd8bf98a1f7d55caade3a7dd.png,1.0,0,0,0,262144,193751,232209,0,1501,0,4053,29935,62839,4053,414,14
UQ_new_5c8760a261c886cdbd8bf98a1f7d55caade3a7dd.png,1.5,0,0,0,262144,193379,232209,0,1501,0,4749,29935,62515,4749,501,15
UQ_new_5c8760a261c886cdbd8bf98a1f7d55caade3a7dd.png,2.0,0,0,0,262144,192927,232209,0,1499,0,5671,29935,62047,5671,575,25
UQ_new_5c8760a261c886cdbd8bf98a1f7d55caade3a7dd.png,2.5,0,0,0,262144,192426,232208,0,1488,0,6898,29930,61338,6898,729,26
UQ_new_5c8760a261c886cdbd8bf98a1f7d55caade3a7dd.png,3.0,0,0,0,262144,191857,232208,0,1475,0,8466,29922,60360,8466,921,31
UQ_new_5c8760a261c886cdbd8bf98a1f7d55caade3a7dd.png,3.5,0,0,0,262144,191091,232208,0,1450,0,10585,29909,59045,10585,1129,34
UQ_new_5c8760a261c886cdbd8bf98a1f7d55caade3a7dd.png,4.0,0,0,0,262144,190003,232195,0,1414,0,13544,29867,57265,13544,1567,42
UQ_new_5c8760a261c886cdbd8bf98a1f7d55caade3a7dd.png,4.5,0,0,0,262144,188656,232168,0,1362,0,16868,29740,55494,16868,1971,39
UQ_new_5c8760a261c886cdbd8bf98a1f7d55caade3a7dd.png,5.0,0,0,0,262144,186902,232125,0,1300,0,21043,29507,53411,21043,2531,62
UQ_new_5c8760a261c886cdbd8bf98a1f7d55caade3a7dd.png,5.5,0,0,0,262144,184549,232045,0,1243,0,26271,29123,51057,26271,3091,74
UQ_new_5c8760a261c886cdbd8bf98a1f7d55caade3a7dd.png,6.0,0,0,0,262144,181585,231974,0,1178,0,32216,28511,48824,32216,3853,97
UQ_new_5c8760a261c886cdbd8bf98a1f7d55caade3a7dd.png,6.5,0,0,0,262144,177705,231827,0,1095,0,39669,27423,46569,39669,4848,137
UQ_new_5c8760a261c886cdbd8bf98a1f7d55caade3a7dd.png,7.0,0,0,0,262144,172776,231671,0,985,0,48633,26112,44111,48633,5910,152
UQ_new_5c8760a261c886cdbd8bf98a1f7d55caade3a7dd.png,7.5,0,0,0,262144,166430,231474,0,856,0,59718,24292,41518,59718,7604,185
UQ_new_5c8760a261c886cdbd8bf98a1f7d55caade3a7dd.png,8.0,0,0,0,262144,158441,231191,0,688,0,73250,21779,38939,73250,9146,194
UQ_new_5c9ab1120e0d6872c0636367a66f54432454c483.png,-2.0,0,0,0,262144,10721,24057,0,0,0,0,238087,251423,0,0,0
UQ_new_5c9ab1120e0d6872c0636367a66f54432454c483.png,-1.5,0,0,0,262144,10721,24057,0,0,0,0,238087,251423,0,0,0
UQ_new_5c9ab1120e0d6872c0636367a66f54432454c483.png,-1.0,0,0,0,262144,10721,24057,0,0,0,0,238087,251423,0,0,0
UQ_new_5c9ab1120e0d6872c0636367a66f54432454c483.png,-0.5,0,0,0,262144,10721,24057,0,0,0,0,238087,251423,0,0,0
UQ_new_5c9ab1120e0d6872c0636367a66f54432454c483.png,0.0,0,0,0,262144,10721,24057,0,0,0,0,238087,251423,0,0,0
UQ_new_5c9ab1120e0d6872c0636367a66f54432454c483.png,0.5,0,0,0,262144,10721,24057,0,0,0,0,238087,251423,0,0,0
UQ_new_5c9ab1120e0d6872c0636367a66f54432454c483.png,1.0,0,0,0,262144,10721,24057,0,0,0,0,238087,251423,0,0,0
UQ_new_5c9ab1120e0d6872c0636367a66f54432454c483.png,1.5,0,0,0,262144,10721,24057,0,0,0,0,238087,251423,0,0,0
UQ_new_5c9ab1120e0d6872c0636367a66f54432454c483.png,2.0,0,0,0,262144,10721,24057,0,0,0,0,238087,251423,0,0,0
UQ_new_5c9ab1120e0d6872c0636367a66f54432454c483.png,2.5,0,0,0,262144,10721,24057,0,0,0,0,238087,251423,0,0,0
UQ_new_5c9ab1120e0d6872c0636367a66f54432454c483.png,3.0,0,0,0,262144,10721,24057,0,0,0,0,238087,251423,0,0,0
UQ_new_5c9ab1120e0d6872c0636367a66f54432454c483.png,3.5,0,0,0,262144,10721,24057,0,0,0,0,238087,251423,0,0,0
UQ_new_5c9ab1120e0d6872c0636367a66f54432454c483.png,4.0,0,0,0,262144,10721,24057,0,0,0,0,238087,251423,0,0,0
UQ_new_5c9ab1120e0d6872c0636367a66f54432454c483.png,4.5,0,0,0,262144,10721,24057,0,0,0,0,238087,251423,0,0,0
UQ_new_5c9ab1120e0d6872c0636367a66f54432454c483.png,5.0,0,0,0,262144,10721,24057,0,0,0,5,238082,251423,5,5,2
UQ_new_5c9ab1120e0d6872c0636367a66f54432454c483.png,5.5,0,0,0,262144,10721,24057,0,0,0,72,238026,251412,72,40,11
UQ_new_5c9ab1120e0d6872c0636367a66f54432454c483.png,6.0,0,0,0,262144,10718,24056,0,0,0,565,237642,251307,565,138,15
UQ_new_5c9ab1120e0d6872c0636367a66f54432454c483.png,6.5,0,0,0,262144,10667,24048,0,0,0,1691,236765,251117,1691,370,40
UQ_new_5c9ab1120e0d6872c0636367a66f54432454c483.png,7.0,0,0,0,262144,10500,23946,0,0,0,4430,234748,250664,4430,922,73
UQ_new_5c9ab1120e0d6872c0636367a66f54432454c483.png,7.5,0,0,0,262144,9990,23714,0,0,0,10060,230859,249665,10060,1962,157
UQ_new_5c9ab1120e0d6872c0636367a66f54432454c483.png,8.0,0,0,0,262144,9025,23218,0,0,0,22066,221820,248159,22066,3966,205
UQ_new_5cf43df17f626315f9b83c7a288d1428b5c7c482.png,-2.0,11878,1471,26,262144,17374,36301,33381,45609,1278,12179,168970,209196,1579,234,11
UQ_new_5cf43df17f626315f9b83c7a288d1428b5c7c482.png,-1.5,11878,1471,26,262144,17371,36297,33381,45609,1489,12349,168811,208981,1960,296,10
UQ_new_5cf43df17f626315f9b83c7a288d1428b5c7c482.png,-1.0,11878,1471,26,262144,17363,36292,33381,45609,1750,12533,168648,208712,2405,313,14
UQ_new_5cf43df17f626315f9b83c7a288d1428b5c7c482.png,-0.5,11878,1471,26,262144,17350,36284,33381,45605,2030,12759,168465,208414,2911,363,18
UQ_new_5cf43df17f626315f9b83c7a288d1428b5c7c482.png,0.0,11878,1471,26,262144,17336,36277,33381,45600,2337,13049,168219,208089,3508,408,20
UQ_new_5cf43df17f626315f9b83c7a288d1428b5c7c482.png,0.5,11878,1471,26,262144,17325,36265,33375,45588,2706,13491,167840,207698,4319,489,22
UQ_new_5cf43df17f626315f9b83c7a288d1428b5c7c482.png,1.0,11878,1471,26,262144,17313,36245,33370,45567,3068,14035,167367,207323,5225,553,17
UQ_new_5cf43df17f626315f9b83c7a288d1428b5c7c482.png,1.5,11878,1471,26,262144,17299,36228,33363,45537,3397,14650,166850,206964,6169,648,22
UQ_new_5cf43df17f626315f9b83c7a288d1428b5c7c482.png,2.0,11878,1471,26,262144,17275,36211,33349,45514,3724,15483,166139,206593,7329,748,25
UQ_new_5cf43df17f626315f9b83c7a288d1428b5c7c482.png,2.5,11878,1471,26,262144,17243,36184,33333,45476,3998,16639,165166,206249,8759,889,31
UQ_new_5cf43df17f626315f9b83c7a288d1428b5c7c482.png,3.0,11878,1471,26,262144,17206,36155,33304,45417,4270,18238,163818,205880,10630,1076,47
UQ_new_5cf43df17f626315f9b83c7a288d1428b5c7c482.png,3.5,11878,1471,26,262144,17158,36112,33272,45324,4636,20561,161851,205374,13319,1510,66
UQ_new_5cf43df17f626315f9b83c7a288d1428b5c7c482.png,4.0,11878,1471,26,262144,17065,36063,33207,45190,5051,24156,158908,204648,17329,2009,77
UQ_new_5cf43df17f626315f9b83c7a288d1428b5c7c482.png,4.5,11878,1471,26,262144,16903,35968,33083,44989,5566,29760,154470,203549,23448,2839,109
UQ_new_5cf43df17f626315f9b83c7a288d1428b5c7c482.png,5.0,11878,1471,26,262144,16587,35820,32860,44712,6267,37949,148039,202054,32338,4145,190
UQ_new_5cf43df17f626315f9b83c7a288d1428b5c7c482.png,5.5,11878,1471,26,262144,16096,35483,32471,44274,7194,50399,138357,200014,45715,5918,215
UQ_new_5cf43df17f626315f9b83c7a288d1428b5c7c482.png,6.0,11878,1471,26,262144,15373,34983,31812,43551,8079,68605,124464,197421,64806,8503,238
UQ_new_5cf43df17f626315f9b83c7a288d1428b5c7c482.png,6.5,11878,1471,26,262144,14450,34251,30884,42604,8943,90752,108335,194069,87817,11176,220
UQ_new_5cf43df17f626315f9b83c7a288d1428b5c7c482.png,7.0,11878,1471,26,262144,13196,33416,29560,41516,9831,115669,90395,190705,113622,13361,149
UQ_new_5cf43df17f626315f9b83c7a288d1428b5c7c482.png,7.5,11878,1471,26,262144,11743,32409,27821,40467,10619,141744,71441,188044,140485,15411,110
UQ_new_5cf43df17f626315f9b83c7a288d1428b5c7c482.png,8.0,11878,1471,26,262144,10189,31371,25523,39554,11214,167857,52426,186154,167193,16391,50
UQ_new_5defcfff92a4e5062ee3dfaa440837abc232abe5.png,-2.0,11073,1189,20,262144,3231,11694,30028,39194,3332,11494,199911,225404,3753,539,13
UQ_new_5defcfff92a4e5062ee3dfaa440837abc232abe5.png,-1.5,11073,1189,20,262144,3231,11672,30023,39193,4001,11742,199682,224744,4670,599,13
UQ_new_5defcfff92a4e5062ee3dfaa440837abc232abe5.png,-1.0,11073,1189,20,262144,3231,11650,30018,39191,4636,12076,199368,224118,5639,664,14
UQ_new_5defcfff92a4e5062ee3dfaa440837abc232abe5.png,-0.5,11073,1189,20,262144,3231,11631,30014,39191,5229,12560,198918,223514,6716,718,17
UQ_new_5defcfff92a4e5062ee3dfaa440837abc232abe5.png,0.0,11073,1189,20,262144,3231,11605,30005,39188,5781,13285,198281,222912,7993,817,16
UQ_new_5defcfff92a4e5062ee3dfaa440837abc232abe5.png,0.5,11073,1189,20,262144,3231,11567,29998,39186,6295,14346,197364,222301,9568,902,19
UQ_new_5defcfff92a4e5062ee3dfaa440837abc232abe5.png,1.0,11073,1189,20,262144,3221,11526,29982,39177,6745,15711,196241,221685,11383,1022,26
UQ_new_5defcfff92a4e5062ee3dfaa440837abc232abe5.png,1.5,11073,1189,20,262144,3202,11469,29969,39161,7203,17523,194783,220978,13653,1170,28
UQ_new_5defcfff92a4e5062ee3dfaa440837abc232abe5.png,2.0,11073,1189,20,262144,3174,11413,29951,39136,7523,19827,192820,220444,16277,1389,31
UQ_new_5defcfff92a4e5062ee3dfaa440837abc232abe5.png,2.5,11073,1189,20,262144,3137,11335,29930,39110,7936,22857,190151,219832,19720,1725,39
UQ_new_5defcfff92a4e5062ee3dfaa440837abc232abe5.png,3.0,11073,1189,20,262144,3097,11227,29902,39075,8425,26857,186571,219134,24209,2061,43
UQ_new_5defcfff92a4e5062ee3dfaa440837abc232abe5.png,3.5,11073,1189,20,262144,3057,11081,29859,39028,8912,31757,182222,218372,29596,2446,62
UQ_new_5defcfff92a4e5062ee3dfaa440837abc232abe5.png,4.0,11073,1189,20,262144,3003,10901,29809,38957,9333,37792,176960,217533,36052,2913,64
UQ_new_5defcfff92a4e5062ee3dfaa440837abc232abe5.png,4.5,11073,1189,20,262144,2922,10710,29735,38839,9654,45021,170863,216544,43602,3631,67
UQ_new_5defcfff92a4e5062ee3dfaa440837abc232abe5.png,5.0,11073,1189,20,262144,2805,10458,29597,38669,9961,54046,163291,215461,52934,4244,93
UQ_new_5defcfff92a4e5062ee3dfaa440837abc232abe5.png,5.5,11073,1189,20,262144,2638,10156,29356,38416,10197,65657,153376,214492,64781,5290,113
UQ_new_5defcfff92a4e5062ee3dfaa440837abc232abe5.png,6.0,11073,1189,20,262144,2438,9831,28964,38143,10391,80283,140821,213417,79601,6582,112
UQ_new_5defcfff92a4e5062ee3dfaa440837abc232abe5.png,6.5,11073,1189,20,262144,2152,9562,28328,37784,10577,98336,125275,212274,97840,8387,115
UQ_new_5defcfff92a4e5062ee3dfaa440837abc232abe5.png,7.0,11073,1189,20,262144,1831,9209,27455,37411,10719,119232,107264,211167,118878,9840,118
UQ_new_5defcfff92a4e5062ee3dfaa440837abc232abe5.png,7.5,11073,1189,20,262144,1480,8699,26248,37020,10879,142723,87300,209939,142529,11301,74
UQ_new_5defcfff92a4e5062ee3dfaa440837abc232abe5.png,8.0,11073,1189,20,262144,1164,8248,24864,36635,11027,165848,67568,208934,165802,11976,35
UQ_new_5e0da2281acc4ab24329d04aef0ac91e6fcd0c93.png,-2.0,36650,3518,33,262144,37248,56414,3619,7741,258,36906,162089,220013,514,64,3
UQ_new_5e0da2281acc4ab24329d04aef0ac91e6fcd0c93.png,-1.5,36650,3518,33,262144,37248,56414,3619,7741,332,36929,162068,219937,611,70,4
UQ_new_5e0da2281acc4ab24329d04aef0ac91e6fcd0c93.png,-1.0,36650,3518,33,262144,37248,56414,3619,7741,417,36961,162039,219849,728,72,4
UQ_new_5e0da2281acc4ab24329d04aef0ac91e6fcd0c93.png,-0.5,36650,3518,33,262144,37248,56414,3619,7740,510,36994,162015,219748,854,78,5
UQ_new_5e0da2281acc4ab24329d04aef0ac91e6fcd0c93.png,0.0,36650,3518,33,262144,37248,56414,3619,7736,639,37029,161989,219614,1018,96,7
UQ_new_5e0da2281acc4ab24329d04aef0ac91e6fcd0c93.png,0.5,36650,3518,33,262144,37248,56414,3619,7735,842,37104,161923,219403,1296,137,8
UQ_new_5e0da2281acc4ab24329d04aef0ac91e6fcd0c93.png,1.0,36650,3518,33,262144,37248,56414,3618,7726,1108,37241,161802,219131,1699,195,10
UQ_new_5e0da2281acc4ab24329d04aef0ac91e6fcd0c93.png,1.5,36650,3518,33,262144,37248,56408,3618,7716,1577,37434,161629,218658,2361,275,12
UQ_new_5e0da2281acc4ab24329d04aef0ac91e6fcd0c93.png,2.0,36650,3518,33,262144,37246,56405,3616,7701,2061,37749,161364,218146,3160,359,21
UQ_new_5e0da2281acc4ab24329d04aef0ac91e6fcd0c93.png,2.5,36650,3518,33,262144,37245,56392,3611,7693,2714,38258,160898,217477,4322,476,23
UQ_new_5e0da2281acc4ab24329d04aef0ac91e6fcd0c93.png,3.0,36650,3518,33,262144,37240,56376,3603,7673,3571,39057,160185,216583,5978,686,27
UQ_new_5e0da2281acc4ab24329d04aef0ac91e6fcd0c93.png,3.5,36650,3518,33,262144,37214,56347,3597,7651,4687,40251,159134,215407,8288,913,39
UQ_new_5e0da2281acc4ab24329d04aef0ac91e6fcd0c93.png,4.0,36650,3518,33,262144,37154,56289,3579,7628,5850,42137,157504,214147,11337,1246,41
UQ_new_5e0da2281acc4ab24329d04aef0ac91e6fcd0c93.png,4.5,36650,3518,33,262144,37064,56196,3537,7592,7150,44887,155201,212661,15387,1666,59
UQ_new_5e0da2281acc4ab24329d04aef0ac91e6fcd0c93.png,5.0,36650,3518,33,262144,36933,56033,3454,7557,8697,48693,152167,210754,20740,2288,73
UQ_new_5e0da2281acc4ab24329d04aef0ac91e6fcd0c93.png,5.5,36650,3518,33,262144,36711,55824,3337,7485,10672,54619,147526,208114,28641,3508,114
UQ_new_5e0da2281acc4ab24329d04aef0ac91e6fcd0c93.png,6.0,36650,3518,33,262144,36257,55415,3196,7416,13031,63285,141017,204671,39666,4694,137
UQ_new_5e0da2281acc4ab24329d04aef0ac91e6fcd0c93.png,6.5,36650,3518,33,262144,35472,54922,3054,7334,15732,75603,131690,200481,54685,6481,184
UQ_new_5e0da2281acc4ab24329d04aef0ac91e6fcd0c93.png,7.0,36650,3518,33,262144,34267,54173,2913,7253,19110,91629,119355,195588,74089,8813,196
UQ_new_5e0da2281acc4ab24329d04aef0ac91e6fcd0c93.png,7.5,36650,3518,33,262144,32644,53165,2744,7182,22901,110556,104610,190486,96807,10992,212
UQ_new_5e0da2281acc4ab24329d04aef0ac91e6fcd0c93.png,8.0,36650,3518,33,262144,30530,52047,2574,7123,26676,133229,86673,185436,123255,13436,170
UQ_new_5ef5544609e6c522e83d5d9b4b56663fe1639f83.png,-2.0,1099,113,4,262144,93290,107089,0,0,0,1099,153957,168853,0,0,0
UQ_new_5ef5544609e6c522e83d5d9b4b56663fe1639f83.png,-1.5,1099,113,4,262144,93290,107089,0,0,0,1099,153957,168853,0,0,0
UQ_new_5ef5544609e6c522e83d5d9b4b56663fe1639f83.png,-1.0,1099,113,4,262144,93290,107089,0,0,0,1099,153957,168853,0,0,0
UQ_new_5ef5544609e6c522e83d5d9b4b56663fe1639f83.png,-0.5,1099,113,4,262144,93290,107089,0,0,0,1099,153957,168853,0,0,0
UQ_new_5ef5544609e6c522e83d5d9b4b56663fe1639f83.png,0.0,1099,113,4,262144,93290,107089,0,0,0,1099,153957,168853,0,0,0
UQ_new_5ef5544609e6c522e83d5d9b4b56663fe1639f83.png,0.5,1099,113,4,262144,93290,107089,0,0,0,1099,153957,168853,0,0,0
UQ_new_5ef5544609e6c522e83d5d9b4b56663fe1639f83.png,1.0,1099,113,4,262144,93290,107089,0,0,0,1099,153957,168853,0,0,0
UQ_new_5ef5544609e6c522e83d5d9b4b56663fe1639f83.png,1.5,1099,113,4,262144,93290,107089,0,0,0,1099,153957,168853,0,0,0
UQ_new_5ef5544609e6c522e83d5d9b4b56663fe1639f83.png,2.0,1099,113,4,262144,93290,107089,0,0,0,1099,153957,168853,0,0,0
UQ_new_5ef5544609e6c522e83d5d9b4b56663fe1639f83.png,2.5,1099,113,4,262144,93290,107089,0,0,0,1103,153956,168850,4,2,2
UQ_new_5ef5544609e6c522e83d5d9b4b56663fe1639f83.png,3.0,1099,113,4,262144,93290,107089,0,0,0,1166,153918,168825,67,26,6
UQ_new_5ef5544609e6c522e83d5d9b4b56663fe1639f83.png,3.5,1099,113,4,262144,93290,107089,0,0,0,1326,153789,168794,227,54,6
UQ_new_5ef5544609e6c522e83d5d9b4b56663fe1639f83.png,4.0,1099,113,4,262144,93289,107085,0,0,0,1563,153584,168767,464,78,11
UQ_new_5ef5544609e6c522e83d5d9b4b56663fe1639f83.png,4.5,1099,113,4,262144,93289,107080,0,0,0,2059,153153,168707,960,165,13
UQ_new_5ef5544609e6c522e83d5d9b4b56663fe1639f83.png,5.0,1099,113,4,262144,93276,107065,0,0,0,2948,152442,168557,1849,262,25
UQ_new_5ef5544609e6c522e83d5d9b4b56663fe1639f83.png,5.5,1099,113,4,262144,93219,107051,0,0,0,4396,151305,168317,3297,513,50
UQ_new_5ef5544609e6c522e83d5d9b4b56663fe1639f83.png,6.0,1099,113,4,262144,93098,107012,0,0,11,7196,149080,167891,6108,1019,60
UQ_new_5ef5544609e6c522e83d5d9b4b56663fe1639f83.png,6.5,1099,113,4,262144,92926,106944,0,0,67,11069,145948,167334,10037,1632,72
UQ_new_5ef5544609e6c522e83d5d9b4b56663fe1639f83.png,7.0,1099,113,4,262144,92591,106843,0,0,165,15976,142106,166607,15042,2295,119
UQ_new_5ef5544609e6c522e83d5d9b4b56663fe1639f83.png,7.5,1099,113,4,262144,92030,106692,0,0,298,22884,136672,165712,22083,3351,159
UQ_new_5ef5544609e6c522e83d5d9b4b56663fe1639f83.png,8.0,1099,113,4,262144,91187,106483,0,0,515,32202,129323,164578,31618,4835,180
UQ_new_6315ca6b26f18a28383b03a49213a773879cc50b.png,-2.0,0,0,0,262144,27131,55779,0,0,0,0,206365,235013,0,0,0
UQ_new_6315ca6b26f18a28383b03a49213a773879cc50b.png,-1.5,0,0,0,262144,27131,55779,0,0,0,0,206365,235013,0,0,0
UQ_new_6315ca6b26f18a28383b03a49213a773879cc50b.png,-1.0,0,0,0,262144,27131,55779,0,0,0,0,206365,235013,0,0,0
UQ_new_6315ca6b26f18a28383b03a49213a773879cc50b.png,-0.5,0,0,0,262144,27131,55779,0,0,0,0,206365,235013,0,0,0
UQ_new_6315ca6b26f18a28383b03a49213a773879cc50b.png,0.0,0,0,0,262144,27131,55779,0,0,0,0,206365,235013,0,0,0
UQ_new_6315ca6b26f18a28383b03a49213a773879cc50b.png,0.5,0,0,0,262144,27131,55779,0,0,0,0,206365,235013,0,0,0
UQ_new_6315ca6b26f18a28383b03a49213a773879cc50b.png,1.0,0,0,0,262144,27131,55779,0,0,0,0,206365,235013,0,0,0
UQ_new_6315ca6b26f18a28383b03a49213a773879cc50b.png,1.5,0,0,0,262144,27131,55779,0,0,0,0,206365,235013,0,0,0
UQ_new_6315ca6b26f18a28383b03a49213a773879cc50b.png,2.0,0,0,0,262144,27131,55779,0,0,0,0,206365,235013,0,0,0
UQ_new_6315ca6b26f18a28383b03a49213a773879cc50b.png,2.5,0,0,0,262144,27131,55779,0,0,0,0,206365,235013,0,0,0
UQ_new_6315ca6b26f18a28383b03a49213a773879cc50b.png,3.0,0,0,0,262144,27131,55779,0,0,0,0,206365,235013,0,0,0
UQ_new_6315ca6b26f18a28383b03a49213a773879cc50b.png,3.5,0,0,0,262144,27131,55779,0,0,0,44,206321,235013,44,6,2
UQ_new_6315ca6b26f18a28383b03a49213a773879cc50b.png,4.0,0,0,0,262144,27131,55779,0,0,0,177,206190,235011,177,33,7
UQ_new_6315ca6b26f18a28383b03a49213a773879cc50b.png,4.5,0,0,0,262144,27131,55777,0,0,0,564,205912,234904,564,92,18
UQ_new_6315ca6b26f18a28383b03a49213a773879cc50b.png,5.0,0,0,0,262144,27100,55769,0,0,0,1707,205130,234582,1707,311,34
UQ_new_6315ca6b26f18a28383b03a49213a773879cc50b.png,5.5,0,0,0,262144,26953,55754,0,0,0,4418,203438,233725,4418,766,70
UQ_new_6315ca6b26f18a28383b03a49213a773879cc50b.png,6.0,0,0,0,262144,26421,55721,0,0,0,9830,200368,231948,9830,1630,137
UQ_new_6315ca6b26f18a28383b03a49213a773879cc50b.png,6.5,0,0,0,262144,25303,55627,0,0,0,19277,195068,229013,19277,3240,195
UQ_new_6315ca6b26f18a28383b03a49213a773879cc50b.png,7.0,0,0,0,262144,23337,55496,0,0,0,34269,186094,225092,34269,5570,257
UQ_new_6315ca6b26f18a28383b03a49213a773879cc50b.png,7.5,0,0,0,262144,20936,55276,0,0,0,55380,172340,220356,55380,7941,251
UQ_new_6315ca6b26f18a28383b03a49213a773879cc50b.png,8.0,0,0,0,262144,18234,55095,0,0,0,81272,153971,215716,81272,10249,254
UQ_new_6a504336c83a7d3a6082baa2717f1c5b14bb285b.png,-2.0,0,0,0,262144,47710,71348,0,0,0,0,190796,214434,0,0,0
UQ_new_6a504336c83a7d3a6082baa2717f1c5b14bb285b.png,-1.5,0,0,0,262144,47710,71348,0,0,0,0,190796,214434,0,0,0
UQ_new_6a504336c83a7d3a6082baa2717f1c5b14bb285b.png,-1.0,0,0,0,262144,47710,71348,0,0,0,0,190796,214434,0,0,0
UQ_new_6a504336c83a7d3a6082baa2717f1c5b14bb285b.png,-0.5,0,0,0,262144,47710,71348,0,0,0,2,190794,214434,2,2,1
UQ_new_6a504336c83a7d3a6082baa2717f1c5b14bb285b.png,0.0,0,0,0,262144,47707,71348,0,0,0,50,190759,214424,50,23,4
UQ_new_6a504336c83a7d3a6082baa2717f1c5b14bb285b.png,0.5,0,0,0,262144,47705,71348,0,0,0,217,190614,214404,217,42,2
UQ_new_6a504336c83a7d3a6082baa2717f1c5b14bb285b.png,1.0,0,0,0,262144,47702,71348,0,0,0,361,190493,214384,361,47,3
UQ_new_6a504336c83a7d3a6082baa2717f1c5b14bb285b.png,1.5,0,0,0,262144,47691,71348,0,0,0,528,190384,214337,528,69,5
UQ_new_6a504336c83a7d3a6082baa2717f1c5b14bb285b.png,2.0,0,0,0,262144,47671,71348,0,0,0,821,190166,214282,821,103,8
UQ_new_6a504336c83a7d3a6082baa2717f1c5b14bb285b.png,2.5,0,0,0,262144,47647,71343,0,0,0,1298,189798,214202,1298,172,9
UQ_new_6a504336c83a7d3a6082baa2717f1c5b14bb285b.png,3.0,0,0,0,262144,47605,71334,0,0,0,1870,189401,214078,1870,236,11
UQ_new_6a504336c83a7d3a6082baa2717f1c5b14bb285b.png,3.5,0,0,0,262144,47524,71312,0,0,0,2549,188989,213914,2549,330,16
UQ_new_6a504336c83a7d3a6082baa2717f1c5b14bb285b.png,4.0,0,0,0,262144,47394,71262,0,0,0,3580,188463,213589,3580,472,23
UQ_new_6a504336c83a7d3a6082baa2717f1c5b14bb285b.png,4.5,0,0,0,262144,47161,71170,0,0,0,4958,187830,213169,4958,583,37
UQ_new_6a504336c83a7d3a6082baa2717f1c5b14bb285b.png,5.0,0,0,0,262144,46745,71065,0,0,0,7015,186914,212549,7015,960,47
UQ_new_6a504336c83a7d3a6082baa2717f1c5b14bb285b.png,5.5,0,0,0,262144,46120,70924,0,0,0,9886,185582,211776,9886,1466,94
UQ_new_6a504336c83a7d3a6082baa2717f1c5b14bb285b.png,6.0,0,0,0,262144,45205,70732,0,0,0,14720,182793,210838,14720,2371,153
UQ_new_6a504336c83a7d3a6082baa2717f1c5b14bb285b.png,6.5,0,0,0,262144,43642,70454,0,0,0,22934,177818,209440,22934,3893,200
UQ_new_6a504336c83a7d3a6082baa2717f1c5b14bb285b.png,7.0,0,0,0,262144,41314,70026,0,0,0,35772,169895,207281,35772,6082,257
UQ_new_6a504336c83a7d3a6082baa2717f1c5b14bb285b.png,7.5,0,0,0,262144,38023,69483,0,0,0,52987,159174,204621,52987,8845,333
UQ_new_6a504336c83a7d3a6082baa2717f1c5b14bb285b.png,8.0,0,0,0,262144,33730,68743,0,0,0,75571,144599,201645,75571,11577,309
UQ_new_6a8c95b346edee0413f6f7a93526e8663462e390.png,-2.0,787,102,4,262144,127882,145661,0,0,0,909,115631,134205,122,34,2
UQ_new_6a8c95b346edee0413f6f7a93526e8663462e390.png,-1.5,787,102,4,262144,127877,145661,0,0,0,985,115592,134173,198,39,2
UQ_new_6a8c95b346edee0413f6f7a93526e8663462e390.png,-1.0,787,102,4,262144,127872,145661,0,0,0,1054,115558,134143,267,43,2
UQ_new_6a8c95b346edee0413f6f7a93526e8663462e390.png,-0.5,787,102,4,262144,127865,145661,0,0,0,1137,115512,134113,350,52,2
UQ_new_6a8c95b346edee0413f6f7a93526e8663462e390.png,0.0,787,102,4,262144,127860,145661,0,0,0,1203,115470,134094,416,44,2
UQ_new_6a8c95b346edee0413f6f7a93526e8663462e390.png,0.5,787,102,4,262144,127844,145661,0,0,0,1302,115410,134071,515,60,5
UQ_new_6a8c95b346edee0413f6f7a93526e8663462e390.png,1.0,787,102,4,262144,127834,145661,0,0,0,1446,115352,133995,659,67,3
UQ_new_6a8c95b346edee0413f6f7a93526e8663462e390.png,1.5,787,102,4,262144,127819,145661,0,0,0,1577,115299,133932,790,77,2
UQ_new_6a8c95b346edee0413f6f7a93526e8663462e390.png,2.0,787,102,4,262144,127801,145661,0,0,0,1677,115249,133900,890,83,3
UQ_new_6a8c95b346edee0413f6f7a93526e8663462e390.png,2.5,787,102,4,262144,127760,145661,0,0,0,1828,115200,133839,1041,106,8
UQ_new_6a8c95b346edee0413f6f7a93526e8663462e390.png,3.0,787,102,4,262144,127733,145661,0,0,0,2066,115088,133740,1279,132,10
UQ_new_6a8c95b346edee0413f6f7a93526e8663462e390.png,3.5,787,102,4,262144,127685,145660,0,0,0,2357,114949,133637,1570,177,12
UQ_new_6a8c95b346edee0413f6f7a93526e8663462e390.png,4.0,787,102,4,262144,127592,145659,0,0,0,2752,114746,133539,1965,230,16
UQ_new_6a8c95b346edee0413f6f7a93526e8663462e390.png,4.5,787,102,4,262144,127402,145656,0,0,0,3320,114467,133443,2533,324,14
UQ_new_6a8c95b346edee0413f6f7a93526e8663462e390.png,5.0,787,102,4,262144,127167,145649,0,0,0,4037,114146,133289,3250,418,14
UQ_new_6a8c95b346edee0413f6f7a93526e8663462e390.png,5.5,787,102,4,262144,126937,145639,0,0,0,4931,113733,133048,4144,483,24
UQ_new_6a8c95b346edee0413f6f7a93526e8663462e390.png,6.0,787,102,4,262144,126663,145614,0,0,26,6223,113008,132754,5462,798,53
UQ_new_6a8c95b346edee0413f6f7a93526e8663462e390.png,6.5,787,102,4,262144,126299,145553,0,0,73,8613,111410,132340,7899,1256,82
UQ_new_6a8c95b346edee0413f6f7a93526e8663462e390.png,7.0,787,102,4,262144,125678,145468,0,0,121,12440,108931,131650,11774,2048,110
UQ_new_6a8c95b346edee0413f6f7a93526e8663462e390.png,7.5,787,102,4,262144,124737,145318,0,0,169,17777,105636,130651,17159,3119,177
UQ_new_6a8c95b346edee0413f6f7a93526e8663462e390.png,8.0,787,102,4,262144,123260,145078,0,0,296,25631,101035,128988,25140,4675,224
UQ_new_6a92f4f59c5fad233b515541bf89987df11037e2.png,-2.0,2465,315,12,262144,10172,20674,21428,30437,0,2469,208749,230359,4,4,1
UQ_new_6a92f4f59c5fad233b515541bf89987df11037e2.png,-1.5,2465,315,12,262144,10172,20674,21428,30437,1,2488,208730,230358,24,9,3
UQ_new_6a92f4f59c5fad233b515541bf89987df11037e2.png,-1.0,2465,315,12,262144,10172,20674,21428,30437,26,2512,208706,230333,73,20,4
UQ_new_6a92f4f59c5fad233b515541bf89987df11037e2.png,-0.5,2465,315,12,262144,10172,20674,21428,30437,66,2553,208668,230290,154,35,7
UQ_new_6a92f4f59c5fad233b515541bf89987df11037e2.png,0.0,2465,315,12,262144,10172,20674,21428,30436,120,2692,208543,230223,347,74,11
UQ_new_6a92f4f59c5fad233b515541bf89987df11037e2.png,0.5,2465,315,12,262144,10172,20674,21426,30433,181,3011,208247,230144,727,142,11
UQ_new_6a92f4f59c5fad233b515541bf89987df11037e2.png,1.0,2465,315,12,262144,10172,20674,21424,30430,328,3386,207886,229988,1249,179,11
UQ_new_6a92f4f59c5fad233b515541bf89987df11037e2.png,1.5,2465,315,12,262144,10169,20674,21420,30424,495,3973,207349,229784,2003,279,18
UQ_new_6a92f4f59c5fad233b515541bf89987df11037e2.png,2.0,2465,315,12,262144,10126,20674,21416,30418,668,4760,206662,229564,2963,335,14
UQ_new_6a92f4f59c5fad233b515541bf89987df11037e2.png,2.5,2465,315,12,262144,10069,20673,21405,30412,819,5623,205942,229345,3977,415,18
UQ_new_6a92f4f59c5fad233b515541bf89987df11037e2.png,3.0,2465,315,12,262144,10006,20673,21394,30409,1012,6860,204891,229043,5407,529,19
UQ_new_6a92f4f59c5fad233b515541bf89987df11037e2.png,3.5,2465,315,12,262144,9923,20672,21380,30404,1143,8250,203692,228824,6928,646,24
UQ_new_6a92f4f59c5fad233b515541bf89987df11037e2.png,4.0,2465,315,12,262144,9788,20661,21362,30392,1263,10144,202193,228485,8942,798,29
UQ_new_6a92f4f59c5fad233b515541bf89987df11037e2.png,4.5,2465,315,12,262144,9642,20649,21329,30380,1353,12438,200476,228021,11326,1044,33
UQ_new_6a92f4f59c5fad233b515541bf89987df11037e2.png,5.0,2465,315,12,262144,9428,20620,21280,30361,1437,15838,197850,227474,14810,1360,53
UQ_new_6a92f4f59c5fad233b515541bf89987df11037e2.png,5.5,2465,315,12,262144,9122,20568,21214,30340,1547,21210,193770,226517,20292,2013,76
UQ_new_6a92f4f59c5fad233b515541bf89987df11037e2.png,6.0,2465,315,12,262144,8626,20495,21111,30290,1651,28915,187842,225358,28101,2924,118
UQ_new_6a92f4f59c5fad233b515541bf89987df11037e2.png,6.5,2465,315,12,262144,7865,20364,20933,30149,1751,40425,179136,223665,39711,4601,125
UQ_new_6a92f4f59c5fad233b515541bf89987df11037e2.png,7.0,2465,315,12,262144,6872,20177,20663,29896,1845,57040,165703,222092,56420,6367,145
UQ_new_6a92f4f59c5fad233b515541bf89987df11037e2.png,7.5,2465,315,12,262144,5815,20023,20301,29450,2088,78961,146940,220710,78584,8435,128
UQ_new_6a92f4f59c5fad233b515541bf89987df11037e2.png,8.0,2465,315,12,262144,4712,19874,19815,28804,2303,103962,125422,219396,103800,10095,123
UQ_new_6ab4dbfedce3c9bdaf48629c2c33fbf52e1beeeb.png,-2.0,0,0,0,262144,154715,229373,0,0,0,996,32771,106433,996,117,8
UQ_new_6ab4dbfedce3c9bdaf48629c2c33fbf52e1beeeb.png,-1.5,0,0,0,262144,154630,229373,0,0,0,1299,32771,106215,1299,168,11
UQ_new_6ab4dbfedce3c9bdaf48629c2c33fbf52e1beeeb.png,-1.0,0,0,0,262144,154485,229373,0,0,0,1834,32771,105825,1834,236,19
UQ_new_6ab4dbfedce3c9bdaf48629c2c33fbf52e1beeeb.png,-0.5,0,0,0,262144,154253,229367,0,0,0,2686,32767,105215,2686,371,28
UQ_new_6ab4dbfedce3c9bdaf48629c2c33fbf52e1beeeb.png,0.0,0,0,0,262144,153893,229361,0,0,0,4094,32747,104193,4094,528,26
UQ_new_6ab4dbfedce3c9bdaf48629c2c33fbf52e1beeeb.png,0.5,0,0,0,262144,153381,229351,0,0,0,5703,32729,103124,5703,664,32
UQ_new_6ab4dbfedce3c9bdaf48629c2c33fbf52e1beeeb.png,1.0,0,0,0,262144,152760,229343,0,0,0,7703,32718,101764,7703,840,37
UQ_new_6ab4dbfedce3c9bdaf48629c2c33fbf52e1beeeb.png,1.5,0,0,0,262144,151896,229332,0,0,0,10346,32679,100035,10346,1137,48
UQ_new_6ab4dbfedce3c9bdaf48629c2c33fbf52e1beeeb.png,2.0,0,0,0,262144,150742,229324,0,0,0,14085,32612,97525,14085,1608,66
UQ_new_6ab4dbfedce3c9bdaf48629c2c33fbf52e1beeeb.png,2.5,0,0,0,262144,149159,229319,0,0,0,19115,32429,94266,19115,2194,65
UQ_new_6ab4dbfedce3c9bdaf48629c2c33fbf52e1beeeb.png,3.0,0,0,0,262144,147098,229312,0,0,0,25286,32153,90439,25286,2884,84
UQ_new_6ab4dbfedce3c9bdaf48629c2c33fbf52e1beeeb.png,3.5,0,0,0,262144,144368,229295,0,0,0,33377,31630,85618,33377,3878,86
UQ_new_6ab4dbfedce3c9bdaf48629c2c33fbf52e1beeeb.png,4.0,0,0,0,262144,140745,229252,0,0,0,42604,30919,80768,42604,4769,120
UQ_new_6ab4dbfedce3c9bdaf48629c2c33fbf52e1beeeb.png,4.5,0,0,0,262144,135970,229179,0,0,0,54333,29933,74873,54333,6053,135
UQ_new_6ab4dbfedce3c9bdaf48629c2c33fbf52e1beeeb.png,5.0,0,0,0,262144,129437,229087,0,0,0,68335,28855,68574,68335,7522,182
UQ_new_6ab4dbfedce3c9bdaf48629c2c33fbf52e1beeeb.png,5.5,0,0,0,262144,120226,228992,0,0,0,86113,27419,61538,86113,9908,208
UQ_new_6ab4dbfedce3c9bdaf48629c2c33fbf52e1beeeb.png,6.0,0,0,0,262144,109137,228869,0,0,0,106433,25635,54214,106433,11913,183
UQ_new_6ab4dbfedce3c9bdaf48629c2c33fbf52e1beeeb.png,6.5,0,0,0,262144,96807,228706,0,0,0,128051,23119,47605,128051,13599,151
UQ_new_6ab4dbfedce3c9bdaf48629c2c33fbf52e1beeeb.png,7.0,0,0,0,262144,84303,228546,0,0,0,149339,19814,42286,149339,15002,123
UQ_new_6ab4dbfedce3c9bdaf48629c2c33fbf52e1beeeb.png,7.5,0,0,0,262144,71541,228414,0,0,0,169962,15923,38448,169962,15895,84
UQ_new_6ab4dbfedce3c9bdaf48629c2c33fbf52e1beeeb.png,8.0,0,0,0,262144,58691,228320,0,0,0,189317,11808,36152,189317,16332,61
UQ_new_6ae57cedd47582ba156a7179f02356e2372b6fc3.png,-2.0,0,0,0,262144,187974,233300,0,3,0,887,28757,73367,887,75,3
UQ_new_6ae57cedd47582ba156a7179f02356e2372b6fc3.png,-1.5,0,0,0,262144,187943,233289,0,3,0,1097,28747,73209,1097,98,2
UQ_new_6ae57cedd47582ba156a7179f02356e2372b6fc3.png,-1.0,0,0,0,262144,187913,233283,0,3,0,1276,28734,73079,1276,110,2
UQ_new_6ae57cedd47582ba156a7179f02356e2372b6fc3.png,-0.5,0,0,0,262144,187869,233273,0,3,0,1490,28721,72932,1490,127,3
UQ_new_6ae57cedd47582ba156a7179f02356e2372b6fc3.png,0.0,0,0,0,262144,187806,233262,0,3,0,1726,28705,72786,1726,140,3
UQ_new_6ae57cedd47582ba156a7179f02356e2372b6fc3.png,0.5,0,0,0,262144,187730,233252,0,3,0,1954,28683,72666,1954,160,4
UQ_new_6ae57cedd47582ba156a7179f02356e2372b6fc3.png,1.0,0,0,0,262144,187637,233246,0,3,0,2200,28664,72538,2200,168,5
UQ_new_6ae57cedd47582ba156a7179f02356e2372b6fc3.png,1.5,0,0,0,262144,187518,233233,0,3,0,2521,28647,72366,2521,215,8
UQ_new_6ae57cedd47582ba156a7179f02356e2372b6fc3.png,2.0,0,0,0,262144,187369,233223,0,3,0,3004,28629,72060,3004,296,15
UQ_new_6ae57cedd47582ba156a7179f02356e2372b6fc3.png,2.5,0,0,0,262144,187139,233218,0,3,0,3694,28602,71632,3694,396,16
UQ_new_6ae57cedd47582ba156a7179f02356e2372b6fc3.png,3.0,0,0,0,262144,186811,233209,0,3,0,4586,28563,71116,4586,510,15
UQ_new_6ae57cedd47582ba156a7179f02356e2372b6fc3.png,3.5,0,0,0,262144,186323,233201,0,3,0,5939,28490,70332,5939,682,29
UQ_new_6ae57cedd47582ba156a7179f02356e2372b6fc3.png,4.0,0,0,0,262144,185615,233189,0,3,0,7863,28433,69185,7863,871,46
UQ_new_6ae57cedd47582ba156a7179f02356e2372b6fc3.png,4.5,0,0,0,262144,184446,233179,0,3,0,10501,28345,67814,10501,1257,62
UQ_new_6ae57cedd47582ba156a7179f02356e2372b6fc3.png,5.0,0,0,0,262144,182685,233172,0,3,0,14725,28195,65508,14725,1852,86
UQ_new_6ae57cedd47582ba156a7179f02356e2372b6fc3.png,5.5,0,0,0,262144,180142,233163,0,3,0,21001,27775,62204,21001,2719,111
UQ_new_6ae57cedd47582ba156a7179f02356e2372b6fc3.png,6.0,0,0,0,262144,176769,233143,0,3,0,29577,26776,58020,29577,4079,161
UQ_new_6ae57cedd47582ba156a7179f02356e2372b6fc3.png,6.5,0,0,0,262144,171876,233085,0,1,0,41150,25246,52930,41150,5650,165
UQ_new_6ae57cedd47582ba156a7179f02356e2372b6fc3.png,7.0,0,0,0,262144,165371,233012,0,0,0,54881,23640,47384,54881,7109,188
UQ_new_6ae57cedd47582ba156a7179f02356e2372b6fc3.png,7.5,0,0,0,262144,157471,232887,0,0,0,70287,21742,41901,70287,8744,164
UQ_new_6ae57cedd47582ba156a7179f02356e2372b6fc3.png,8.0,0,0,0,262144,148141,232759,0,0,0,86325,19191,37872,86325,10138,163
UQ_new_6b0e25414062d860cbf6f9953039def0d0964afa.png,-2.0,0,0,0,262144,159502,176798,0,5,0,85,85346,102552,85,22,1
UQ_new_6b0e25414062d860cbf6f9953039def0d0964afa.png,-1.5,0,0,0,262144,159472,176798,0,5,0,119,85346,102548,119,22,1
UQ_new_6b0e25414062d860cbf6f9953039def0d0964afa.png,-1.0,0,0,0,262144,159452,176798,0,5,0,143,85346,102544,143,21,1
UQ_new_6b0e25414062d860cbf6f9953039def0d0964afa.png,-0.5,0,0,0,262144,159437,176798,0,5,0,161,85346,102541,161,22,1
UQ_new_6b0e25414062d860cbf6f9953039def0d0964afa.png,0.0,0,0,0,262144,159415,176798,0,5,0,208,85332,102530,208,30,3
UQ_new_6b0e25414062d860cbf6f9953039def0d0964afa.png,0.5,0,0,0,262144,159399,176798,0,5,0,272,85299,102515,272,35,4
UQ_new_6b0e25414062d860cbf6f9953039def0d0964afa.png,1.0,0,0,0,262144,159381,176797,0,5,0,393,85217,102495,393,65,8
UQ_new_6b0e25414062d860cbf6f9953039def0d0964afa.png,1.5,0,0,0,262144,159358,176794,0,5,0,577,85082,102472,577,96,6
UQ_new_6b0e25414062d860cbf6f9953039def0d0964afa.png,2.0,0,0,0,262144,159334,176789,0,5,0,800,84913,102447,800,109,7
UQ_new_6b0e25414062d860cbf6f9953039def0d0964afa.png,2.5,0,0,0,262144,159311,176784,0,5,0,1080,84681,102427,1080,124,6
UQ_new_6b0e25414062d860cbf6f9953039def0d0964afa.png,3.0,0,0,0,262144,159278,176776,0,5,0,1386,84445,102398,1386,175,7
UQ_new_6b0e25414062d860cbf6f9953039def0d0964afa.png,3.5,0,0,0,262144,159246,176763,0,5,0,1782,84131,102361,1782,230,8
UQ_new_6b0e25414062d860cbf6f9953039def0d0964afa.png,4.0,0,0,0,262144,159200,176753,0,5,0,2257,83751,102322,2257,276,9
UQ_new_6b0e25414062d860cbf6f9953039def0d0964afa.png,4.5,0,0,0,262144,159138,176737,0,5,0,2756,83366,102286,2756,311,12
UQ_new_6b0e25414062d860cbf6f9953039def0d0964afa.png,5.0,0,0,0,262144,159066,176698,0,5,0,3422,82916,102181,3422,383,21
UQ_new_6b0e25414062d860cbf6f9953039def0d0964afa.png,5.5,0,0,0,262144,158980,176656,0,5,0,4344,82296,102007,4344,509,27
UQ_new_6b0e25414062d860cbf6f9953039def0d0964afa.png,6.0,0,0,0,262144,158843,176591,0,5,0,5882,81303,101664,5882,744,47
UQ_new_6b0e25414062d860cbf6f9953039def0d0964afa.png,6.5,0,0,0,262144,158553,176477,0,5,0,7933,80076,101244,7933,1136,59
UQ_new_6b0e25414062d860cbf6f9953039def0d0964afa.png,7.0,0,0,0,262144,158084,176330,0,5,0,10668,78450,100751,10668,1619,101
UQ_new_6b0e25414062d860cbf6f9953039def0d0964afa.png,7.5,0,0,0,262144,157366,176128,0,5,0,14699,76064,100026,14699,2509,173
UQ_new_6b0e25414062d860cbf6f9953039def0d0964afa.png,8.0,0,0,0,262144,156177,175761,0,5,0,20908,72383,99054,20908,3871,211
UQ_new_6c4198085d1f0788814793320aad278c9d98caf4.png,-2.0,21708,2699,39,262144,24301,37161,9980,14161,827,21960,189781,226117,1079,249,16
UQ_new_6c4198085d1f0788814793320aad278c9d98caf4.png,-1.5,21708,2699,39,262144,24301,37161,9980,14161,1171,22190,189553,225771,1653,333,20
UQ_new_6c4198085d1f0788814793320aad278c9d98caf4.png,-1.0,21708,2699,39,262144,24301,37161,9980,14161,1583,22592,189165,225345,2467,448,27
UQ_new_6c4198085d1f0788814793320aad278c9d98caf4.png,-0.5,21708,2699,39,262144,24300,37159,9980,14159,2110,23152,188618,224810,3554,587,29
UQ_new_6c4198085d1f0788814793320aad278c9d98caf4.png,0.0,21708,2699,39,262144,24297,37156,9980,14155,2750,23894,187898,224158,4936,747,41
UQ_new_6c4198085d1f0788814793320aad278c9d98caf4.png,0.5,21708,2699,39,262144,24294,37151,9979,14148,3689,25067,186758,223202,7048,997,45
UQ_new_6c4198085d1f0788814793320aad278c9d98caf4.png,1.0,21708,2699,39,262144,24287,37147,9977,14140,4729,26550,185330,222128,9571,1234,39
UQ_new_6c4198085d1f0788814793320aad278c9d98caf4.png,1.5,21708,2699,39,262144,24279,37139,9974,14127,5724,28457,183505,221083,12473,1466,57
UQ_new_6c4198085d1f0788814793320aad278c9d98caf4.png,2.0,21708,2699,39,262144,24269,37128,9969,14116,6867,31163,180918,219858,16322,1897,65
UQ_new_6c4198085d1f0788814793320aad278c9d98caf4.png,2.5,21708,2699,39,262144,24252,37101,9962,14101,8287,34842,177419,218324,21421,2406,67
UQ_new_6c4198085d1f0788814793320aad278c9d98caf4.png,3.0,21708,2699,39,262144,24213,37074,9949,14083,9900,39333,173248,216488,27525,2831,73
UQ_new_6c4198085d1f0788814793320aad278c9d98caf4.png,3.5,21708,2699,39,262144,24160,37022,9926,14063,11325,45456,167589,214747,35073,3456,87
UQ_new_6c4198085d1f0788814793320aad278c9d98caf4.png,4.0,21708,2699,39,262144,24042,36935,9893,14033,12617,53613,160073,213082,44522,4508,139
UQ_new_6c4198085d1f0788814793320aad278c9d98caf4.png,4.5,21708,2699,39,262144,23805,36778,9822,13988,13959,65441,149319,211176,57692,5962,139
UQ_new_6c4198085d1f0788814793320aad278c9d98caf4.png,5.0,21708,2699,39,262144,23436,36493,9700,13885,15243,80618,135783,209130,74153,7809,170
UQ_new_6c4198085d1f0788814793320aad278c9d98caf4.png,5.5,21708,2699,39,262144,22838,36041,9487,13668,16514,100369,118503,206868,95175,9842,201
UQ_new_6c4198085d1f0788814793320aad278c9d98caf4.png,6.0,21708,2699,39,262144,21952,35428,9211,13425,17817,124871,97257,204327,120980,12437,144
UQ_new_6c4198085d1f0788814793320aad278c9d98caf4.png,6.5,21708,2699,39,262144,20815,34782,8840,13158,19355,150665,75037,201636,148312,14259,106
UQ_new_6c4198085d1f0788814793320aad278c9d98caf4.png,7.0,21708,2699,39,262144,19382,34137,8332,12824,20602,174599,54988,199424,173493,15195,83
UQ_new_6c4198085d1f0788814793320aad278c9d98caf4.png,7.5,21708,2699,39,262144,17689,33545,7826,12496,21278,194867,38648,197939,194437,14601,56
UQ_new_6c4198085d1f0788814793320aad278c9d98caf4.png,8.0,21708,2699,39,262144,15976,33074,7188,12258,21534,211858,25235,197165,211684,14458,36
UQ_new_6d135e395bda07f8fb58134f6df585c8ab408a6c.png,-2.0,7563,840,18,262144,7652,35143,17953,27751,1105,7646,191945,235093,1188,199,9
UQ_new_6d135e395bda07f8fb58134f6df585c8ab408a6c.png,-1.5,7563,840,18,262144,7652,35142,17953,27734,1406,7728,191883,234790,1571,232,9
UQ_new_6d135e395bda07f8fb58134f6df585c8ab408a6c.png,-1.0,7563,840,18,262144,7652,35138,17952,27722,1754,7848,191799,234423,2039,261,11
UQ_new_6d135e395bda07f8fb58134f6df585c8ab408a6c.png,-0.5,7563,840,18,262144,7652,35137,17951,27696,2075,8172,191598,234007,2684,326,15
UQ_new_6d135e395bda07f8fb58134f6df585c8ab408a6c.png,0.0,7563,840,18,262144,7651,35134,17948,27674,2438,8767,191200,233476,3642,457,17
UQ_new_6d135e395bda07f8fb58134f6df585c8ab408a6c.png,0.5,7563,840,18,262144,7646,35132,17945,27658,2857,9644,190555,232851,4938,591,19
UQ_new_6d135e395bda07f8fb58134f6df585c8ab408a6c.png,1.0,7563,840,18,262144,7636,35127,17938,27647,3266,10786,189653,232235,6489,693,17
UQ_new_6d135e395bda07f8fb58134f6df585c8ab408a6c.png,1.5,7563,840,18,262144,7622,35123,17924,27625,3695,12054,188681,231564,8186,808,19
UQ_new_6d135e395bda07f8fb58134f6df585c8ab408a6c.png,2.0,7563,840,18,262144,7600,35120,17908,27612,4120,13472,187637,230819,10029,923,20
UQ_new_6d135e395bda07f8fb58134f6df585c8ab408a6c.png,2.5,7563,840,18,262144,7571,35117,17886,27596,4481,15394,186274,229969,12312,1124,29
UQ_new_6d135e395bda07f8fb58134f6df585c8ab408a6c.png,3.0,7563,840,18,262144,7524,35108,17849,27569,4807,17992,184438,229001,15236,1373,27
UQ_new_6d135e395bda07f8fb58134f6df585c8ab408a6c.png,3.5,7563,840,18,262144,7425,35096,17803,27547,5150,21248,182221,227798,18835,1528,36
UQ_new_6d135e395bda07f8fb58134f6df585c8ab408a6c.png,4.0,7563,840,18,262144,7298,35057,17740,27523,5485,25283,179581,226321,23205,1831,43
UQ_new_6d135e395bda07f8fb58134f6df585c8ab408a6c.png,4.5,7563,840,18,262144,7136,35014,17667,27499,5839,30970,175807,224356,29246,2499,76
UQ_new_6d135e395bda07f8fb58134f6df585c8ab408a6c.png,5.0,7563,840,18,262144,6898,34969,17564,27468,6130,39729,169971,221559,38296,3484,81
UQ_new_6d135e395bda07f8fb58134f6df585c8ab408a6c.png,5.5,7563,840,18,262144,6509,34915,17408,27393,6372,51538,162018,218135,50347,4549,114
UQ_new_6d135e395bda07f8fb58134f6df585c8ab408a6c.png,6.0,7563,840,18,262144,6020,34817,17149,27265,6670,65589,152204,214574,64696,5762,143
UQ_new_6d135e395bda07f8fb58134f6df585c8ab408a6c.png,6.5,7563,840,18,262144,5483,34681,16748,26957,6970,83616,139540,210293,83023,7500,165
UQ_new_6d135e395bda07f8fb58134f6df585c8ab408a6c.png,7.0,7563,840,18,262144,4799,34522,16247,26543,7247,105047,123747,206136,104731,9413,149
UQ_new_6d135e395bda07f8fb58134f6df585c8ab408a6c.png,7.5,7563,840,18,262144,3944,34334,15643,26099,7387,129577,104719,202585,129401,10630,114
UQ_new_6d135e395bda07f8fb58134f6df585c8ab408a6c.png,8.0,7563,840,18,262144,3107,34161,14940,25624,7491,155676,83447,199842,155604,11792,67
UQ_new_6d817752c0ab67c651703d339b36437d9f49fcf4.png,-2.0,22757,2827,28,262144,17098,35920,37117,50980,470,23509,153770,205424,1222,222,10
UQ_new_6d817752c0ab67c651703d339b36437d9f49fcf4.png,-1.5,22757,2827,28,262144,17084,35893,37114,50978,668,23741,153591,205219,1652,278,13
UQ_new_6d817752c0ab67c651703d339b36437d9f49fcf4.png,-1.0,22757,2827,28,262144,17072,35866,37111,50975,906,24061,153321,204976,2210,347,14
UQ_new_6d817752c0ab67c651703d339b36437d9f49fcf4.png,-0.5,22757,2827,28,262144,17055,35832,37107,50973,1188,24387,153061,204685,2818,395,20
UQ_new_6d817752c0ab67c651703d339b36437d9f49fcf4.png,0.0,22757,2827,28,262144,17037,35797,37102,50968,1537,24820,152713,204314,3600,487,20
UQ_new_6d817752c0ab67c651703d339b36437d9f49fcf4.png,0.5,22757,2827,28,262144,17015,35748,37094,50965,1977,25444,152222,203823,4664,620,27
UQ_new_6d817752c0ab67c651703d339b36437d9f49fcf4.png,1.0,22757,2827,28,262144,16981,35705,37087,50960,2441,26555,151281,203278,6239,829,30
UQ_new_6d817752c0ab67c651703d339b36437d9f49fcf4.png,1.5,22757,2827,28,262144,16940,35648,37070,50951,3131,28039,150046,202463,8413,1117,47
UQ_new_6d817752c0ab67c651703d339b36437d9f49fcf4.png,2.0,22757,2827,28,262144,16902,35567,37011,50937,4254,29876,148633,201108,11373,1455,52
UQ_new_6d817752c0ab67c651703d339b36437d9f49fcf4.png,2.5,22757,2827,28,262144,16848,35452,36950,50899,5477,32506,146616,199540,15226,1808,62
UQ_new_6d817752c0ab67c651703d339b36437d9f49fcf4.png,3.0,22757,2827,28,262144,16752,35282,36884,50824,6824,36322,143788,197612,20389,2370,76
UQ_new_6d817752c0ab67c651703d339b36437d9f49fcf4.png,3.5,22757,2827,28,262144,16587,35071,36748,50707,8591,41368,140090,195126,27202,3010,74
UQ_new_6d817752c0ab67c651703d339b36437d9f49fcf4.png,4.0,22757,2827,28,262144,16329,34787,36456,50507,10556,47720,135482,192451,35519,3960,64
UQ_new_6d817752c0ab67c651703d339b36437d9f49fcf4.png,4.5,22757,2827,28,262144,15966,34448,36113,50259,12205,55627,129703,189967,45075,4858,90
UQ_new_6d817752c0ab67c651703d339b36437d9f49fcf4.png,5.0,22757,2827,28,262144,15434,33976,35677,49955,13878,65871,122299,187198,56992,6123,137
UQ_new_6d817752c0ab67c651703d339b36437d9f49fcf4.png,5.5,22757,2827,28,262144,14694,33274,35068,49477,15746,80060,112120,183849,73049,8032,195
UQ_new_6d817752c0ab67c651703d339b36437d9f49fcf4.png,6.0,22757,2827,28,262144,13731,32539,34135,48678,17510,99343,98138,180214,94096,10441,207
UQ_new_6d817752c0ab67c651703d339b36437d9f49fcf4.png,6.5,22757,2827,28,262144,12441,31610,32690,47713,18914,123140,80959,176821,119297,12584,160
UQ_new_6d817752c0ab67c651703d339b36437d9f49fcf4.png,7.0,22757,2827,28,262144,11086,30680,30616,46602,20311,148615,62563,173815,146169,14029,86
UQ_new_6d817752c0ab67c651703d339b36437d9f49fcf4.png,7.5,22757,2827,28,262144,9593,29863,28329,45482,21293,171856,46134,171738,170392,14364,63
UQ_new_6d817752c0ab67c651703d339b36437d9f49fcf4.png,8.0,22757,2827,28,262144,7927,29260,25794,44482,22014,192791,31684,170336,192048,14686,33
UQ_new_6daa2da4087c346ce15356c808444e7d56f5bbef.png,-2.0,0,0,0,262144,170773,222126,0,2179,0,224,40001,88985,224,42,8
UQ_new_6daa2da4087c346ce15356c808444e7d56f5bbef.png,-1.5,0,0,0,262144,170765,222101,0,2179,0,361,40001,88881,361,62,4
UQ_new_6daa2da4087c346ce15356c808444e7d56f5bbef.png,-1.0,0,0,0,262144,170732,222079,0,2179,0,540,40001,88757,540,88,4
UQ_new_6daa2da4087c346ce15356c808444e7d56f5bbef.png,-0.5,0,0,0,262144,170686,222058,0,2179,0,743,40001,88621,743,91,4
UQ_new_6daa2da4087c346ce15356c808444e7d56f5bbef.png,0.0,0,0,0,262144,170641,222038,0,2179,0,939,40001,88490,939,104,5
UQ_new_6daa2da4087c346ce15356c808444e7d56f5bbef.png,0.5,0,0,0,262144,170569,222022,0,2179,0,1213,39996,88309,1213,156,7
UQ_new_6daa2da4087c346ce15356c808444e7d56f5bbef.png,1.0,0,0,0,262144,170477,221995,0,2179,0,1614,39945,88078,1614,197,10
UQ_new_6daa2da4087c346ce15356c808444e7d56f5bbef.png,1.5,0,0,0,262144,170363,221967,0,2179,0,2102,39899,87778,2102,226,10
UQ_new_6daa2da4087c346ce15356c808444e7d56f5bbef.png,2.0,0,0,0,262144,170236,221932,0,2179,0,2706,39873,87362,2706,298,9
UQ_new_6daa2da4087c346ce15356c808444e7d56f5bbef.png,2.5,0,0,0,262144,170035,221891,0,2179,0,3356,39851,86976,3356,358,15
UQ_new_6daa2da4087c346ce15356c808444e7d56f5bbef.png,3.0,0,0,0,262144,169798,221837,0,2179,0,4108,39801,86565,4108,453,26
UQ_new_6daa2da4087c346ce15356c808444e7d56f5bbef.png,3.5,0,0,0,262144,169385,221797,0,2179,0,5101,39719,86107,5101,574,33
UQ_new_6daa2da4087c346ce15356c808444e7d56f5bbef.png,4.0,0,0,0,262144,168718,221762,0,2179,0,6797,39577,85255,6797,872,67
UQ_new_6daa2da4087c346ce15356c808444e7d56f5bbef.png,4.5,0,0,0,262144,167384,221725,0,2179,0,10225,39306,83469,10225,1538,114
UQ_new_6daa2da4087c346ce15356c808444e7d56f5bbef.png,5.0,0,0,0,262144,164852,221694,0,2179,0,16246,38631,80686,16246,2669,194
UQ_new_6daa2da4087c346ce15356c808444e7d56f5bbef.png,5.5,0,0,0,262144,160371,221646,0,2175,0,26390,37346,76360,26390,4439,228
UQ_new_6daa2da4087c346ce15356c808444e7d56f5bbef.png,6.0,0,0,0,262144,154344,221566,0,2160,0,40071,35271,70876,40071,6244,243
UQ_new_6daa2da4087c346ce15356c808444e7d56f5bbef.png,6.5,0,0,0,262144,146298,221452,0,2114,0,57819,32287,64318,57819,8755,237
UQ_new_6daa2da4087c346ce15356c808444e7d56f5bbef.png,7.0,0,0,0,262144,136468,221325,0,2013,0,78015,28727,57740,78015,10516,204
UQ_new_6daa2da4087c346ce15356c808444e7d56f5bbef.png,7.5,0,0,0,262144,124813,221195,0,1919,0,99090,25294,51977,99090,12634,200
UQ_new_6daa2da4087c346ce15356c808444e7d56f5bbef.png,8.0,0,0,0,262144,111323,221083,0,1803,0,121178,21638,47263,121178,14498,163
UQ_new_6e79c17c816ee2eb8919565fa342b39b29269660.png,-2.0,14061,1246,18,262144,6195,18533,25511,41059,588,14068,188960,229374,595,78,8
UQ_new_6e79c17c816ee2eb8919565fa342b39b29269660.png,-1.5,14061,1246,18,262144,6195,18533,25511,41052,917,14110,188918,229052,966,146,7
UQ_new_6e79c17c816ee2eb8919565fa342b39b29269660.png,-1.0,14061,1246,18,262144,6195,18533,25511,41040,1280,14178,188850,228701,1397,175,9
UQ_new_6e79c17c816ee2eb8919565fa342b39b29269660.png,-0.5,14061,1246,18,262144,6195,18533,25511,41027,1634,14368,188680,228340,1941,241,14
UQ_new_6e79c17c816ee2eb8919565fa342b39b29269660.png,0.0,14061,1246,18,262144,6195,18533,25511,41011,2031,14647,188500,227860,2617,277,14
UQ_new_6e79c17c816ee2eb8919565fa342b39b29269660.png,0.5,14061,1246,18,262144,6194,18533,25511,40995,2477,15156,188261,227161,3572,370,21
UQ_new_6e79c17c816ee2eb8919565fa342b39b29269660.png,1.0,14061,1246,18,262144,6188,18533,25511,40974,2919,16080,187813,226270,4938,492,26
UQ_new_6e79c17c816ee2eb8919565fa342b39b29269660.png,1.5,14061,1246,18,262144,6158,18533,25511,40956,3368,17446,187089,225227,6753,645,18
UQ_new_6e79c17c816ee2eb8919565fa342b39b29269660.png,2.0,14061,1246,18,262144,6112,18533,25511,40936,3804,18687,186302,224403,8430,740,27
UQ_new_6e79c17c816ee2eb8919565fa342b39b29269660.png,2.5,14061,1246,18,262144,6083,18533,25508,40910,4300,20294,185204,223456,10533,936,33
UQ_new_6e79c17c816ee2eb8919565fa342b39b29269660.png,3.0,14061,1246,18,262144,6062,18533,25506,40885,4931,22708,183533,222130,13578,1283,39
UQ_new_6e79c17c816ee2eb8919565fa342b39b29269660.png,3.5,14061,1246,18,262144,6025,18533,25497,40851,5465,25993,181069,220855,17397,1469,39
UQ_new_6e79c17c816ee2eb8919565fa342b39b29269660.png,4.0,14061,1246,18,262144,5981,18530,25482,40802,5992,29896,178125,219480,21827,1806,48
UQ_new_6e79c17c816ee2eb8919565fa342b39b29269660.png,4.5,14061,1246,18,262144,5913,18523,25450,40729,6633,34666,174370,218004,27238,2245,58
UQ_new_6e79c17c816ee2eb8919565fa342b39b29269660.png,5.0,14061,1246,18,262144,5825,18500,25372,40655,7223,40809,169408,216496,33971,2877,61
UQ_new_6e79c17c816ee2eb8919565fa342b39b29269660.png,5.5,14061,1246,18,262144,5719,18454,25228,40542,7825,48464,163175,214881,42228,3530,95
UQ_new_6e79c17c816ee2eb8919565fa342b39b29269660.png,6.0,14061,1246,18,262144,5572,18371,24983,40358,8642,58793,154842,212727,53374,4864,137
UQ_new_6e79c17c816ee2eb8919565fa342b39b29269660.png,6.5,14061,1246,18,262144,5314,18270,24499,40062,9782,74636,142829,208896,70357,6844,169
UQ_new_6e79c17c816ee2eb8919565fa342b39b29269660.png,7.0,14061,1246,18,262144,4960,18144,23605,39613,10845,95827,127099,204195,92611,9062,144
UQ_new_6e79c17c816ee2eb8919565fa342b39b29269660.png,7.5,14061,1246,18,262144,4488,18018,22555,39062,11573,120731,107584,200277,118243,10463,87
UQ_new_6e79c17c816ee2eb8919565fa342b39b29269660.png,8.0,14061,1246,18,262144,3988,17913,21204,38471,12157,146533,86597,197425,144629,11679,55
UQ_new_6fd2d399ad8d1596077c960201a77652736a4e94.png,-2.0,0,0,0,262144,169208,184491,0,0,0,0,77653,92936,0,0,0
UQ_new_6fd2d399ad8d1596077c960201a77652736a4e94.png,-1.5,0,0,0,262144,169208,184491,0,0,0,0,77653,92936,0,0,0
UQ_new_6fd2d399ad8d1596077c960201a77652736a4e94.png,-1.0,0,0,0,262144,169208,184491,0,0,0,0,77653,92936,0,0,0
UQ_new_6fd2d399ad8d1596077c960201a77652736a4e94.png,-0.5,0,0,0,262144,169208,184491,0,0,0,0,77653,92936,0,0,0
UQ_new_6fd2d399ad8d1596077c960201a77652736a4e94.png,0.0,0,0,0,262144,169208,184491,0,0,0,0,77653,92936,0,0,0
UQ_new_6fd2d399ad8d1596077c960201a77652736a4e94.png,0.5,0,0,0,262144,169208,184491,0,0,0,0,77653,92936,0,0,0
UQ_new_6fd2d399ad8d1596077c960201a77652736a4e94.png,1.0,0,0,0,262144,169205,184491,0,0,0,3,77653,92936,3,3,2
UQ_new_6fd2d399ad8d1596077c960201a77652736a4e94.png,1.5,0,0,0,262144,169201,184491,0,0,0,8,77653,92935,8,4,2
UQ_new_6fd2d399ad8d1596077c960201a77652736a4e94.png,2.0,0,0,0,262144,169187,184491,0,0,0,22,77653,92935,22,5,1
UQ_new_6fd2d399ad8d1596077c960201a77652736a4e94.png,2.5,0,0,0,262144,169180,184491,0,0,0,31,77653,92933,31,8,1
UQ_new_6fd2d399ad8d1596077c960201a77652736a4e94.png,3.0,0,0,0,262144,169164,184491,0,0,0,47,77653,92933,47,10,1
UQ_new_6fd2d399ad8d1596077c960201a77652736a4e94.png,3.5,0,0,0,262144,169148,184491,0,0,0,66,77653,92930,66,13,1
UQ_new_6fd2d399ad8d1596077c960201a77652736a4e94.png,4.0,0,0,0,262144,169131,184491,0,0,0,85,77653,92928,85,16,1
UQ_new_6fd2d399ad8d1596077c960201a77652736a4e94.png,4.5,0,0,0,262144,169116,184491,0,0,0,102,77653,92926,102,17,2
UQ_new_6fd2d399ad8d1596077c960201a77652736a4e94.png,5.0,0,0,0,262144,169093,184488,0,0,0,178,77614,92915,178,41,8
UQ_new_6fd2d399ad8d1596077c960201a77652736a4e94.png,5.5,0,0,0,262144,169062,184480,0,0,0,315,77580,92851,315,87,15
UQ_new_6fd2d399ad8d1596077c960201a77652736a4e94.png,6.0,0,0,0,262144,168987,184463,0,0,0,671,77425,92742,671,184,26
UQ_new_6fd2d399ad8d1596077c960201a77652736a4e94.png,6.5,0,0,0,262144,168863,184441,0,0,0,1413,77014,92557,1413,403,51
UQ_new_6fd2d399ad8d1596077c960201a77652736a4e94.png,7.0,0,0,0,262144,168672,184386,0,0,0,2767,76109,92354,2767,695,58
UQ_new_6fd2d399ad8d1596077c960201a77652736a4e94.png,7.5,0,0,0,262144,168356,184313,0,0,0,4637,75026,91956,4637,1084,95
UQ_new_6fd2d399ad8d1596077c960201a77652736a4e94.png,8.0,0,0,0,262144,167729,184155,0,0,0,7697,73504,91203,7697,1864,132
UQ_new_6fea8df36ff9455baee6ae91dcb87e059a199f55.png,-2.0,0,0,0,262144,6292,19111,0,0,0,0,243033,255852,0,0,0
UQ_new_6fea8df36ff9455baee6ae91dcb87e059a199f55.png,-1.5,0,0,0,262144,6292,19111,0,0,0,0,243033,255852,0,0,0
UQ_new_6fea8df36ff9455baee6ae91dcb87e059a199f55.png,-1.0,0,0,0,262144,6292,19111,0,0,0,0,243033,255852,0,0,0
UQ_new_6fea8df36ff9455baee6ae91dcb87e059a199f55.png,-0.5,0,0,0,262144,6292,19111,0,0,0,0,243033,255852,0,0,0
UQ_new_6fea8df36ff9455baee6ae91dcb87e059a199f55.png,0.0,0,0,0,262144,6292,19111,0,0,0,0,243033,255852,0,0,0
UQ_new_6fea8df36ff9455baee6ae91dcb87e059a199f55.png,0.5,0,0,0,262144,6292,19111,0,0,0,3,243030,255852,3,2,1
UQ_new_6fea8df36ff9455baee6ae91dcb87e059a199f55.png,1.0,0,0,0,262144,6292,19111,0,0,0,43,242990,255852,43,12,2
UQ_new_6fea8df36ff9455baee6ae91dcb87e059a199f55.png,1.5,0,0,0,262144,6292,19111,0,0,0,131,242907,255847,131,22,2
UQ_new_6fea8df36ff9455baee6ae91dcb87e059a199f55.png,2.0,0,0,0,262144,6292,19111,0,0,0,241,242807,255837,241,29,3
UQ_new_6fea8df36ff9455baee6ae91dcb87e059a199f55.png,2.5,0,0,0,262144,6292,19111,0,0,0,401,242679,255805,401,48,4
UQ_new_6fea8df36ff9455baee6ae91dcb87e059a199f55.png,3.0,0,0,0,262144,6292,19111,0,0,0,680,242435,255770,680,68,4
UQ_new_6fea8df36ff9455baee6ae91dcb87e059a199f55.png,3.5,0,0,0,262144,6290,19111,0,0,0,972,242212,255703,972,86,4
UQ_new_6fea8df36ff9455baee6ae91dcb87e059a199f55.png,4.0,0,0,0,262144,6284,19109,0,0,0,1303,241991,255601,1303,107,7
UQ_new_6fea8df36ff9455baee6ae91dcb87e059a199f55.png,4.5,0,0,0,262144,6273,19097,0,0,0,1774,241663,255481,1774,163,15
UQ_new_6fea8df36ff9455baee6ae91dcb87e059a199f55.png,5.0,0,0,0,262144,6240,19080,0,0,0,2857,240845,255266,2857,337,34
UQ_new_6fea8df36ff9455baee6ae91dcb87e059a199f55.png,5.5,0,0,0,262144,6199,19030,0,0,0,5208,238942,254909,5208,742,52
UQ_new_6fea8df36ff9455baee6ae91dcb87e059a199f55.png,6.0,0,0,0,262144,6141,18914,0,0,0,9127,235882,254224,9127,1219,93
UQ_new_6fea8df36ff9455baee6ae91dcb87e059a199f55.png,6.5,0,0,0,262144,5994,18646,0,0,0,16022,230396,253230,16022,2384,142
UQ_new_6fea8df36ff9455baee6ae91dcb87e059a199f55.png,7.0,0,0,0,262144,5646,18283,0,0,0,26717,221670,251972,26717,3947,222
UQ_new_6fea8df36ff9455baee6ae91dcb87e059a199f55.png,7.5,0,0,0,262144,5102,17636,0,0,0,43952,206950,250648,43952,6329,265
UQ_new_6fea8df36ff9455baee6ae91dcb87e059a199f55.png,8.0,0,0,0,262144,4287,16946,0,0,0,66503,187100,249452,66503,8786,207
UQ_new_72a21805d9deaee2ca629c440bba4de6644ecca7.png,-2.0,0,0,0,262144,15091,34440,0,0,0,0,227704,247053,0,0,0
UQ_new_72a21805d9deaee2ca629c440bba4de6644ecca7.png,-1.5,0,0,0,262144,15091,34440,0,0,0,0,227704,247053,0,0,0
UQ_new_72a21805d9deaee2ca629c440bba4de6644ecca7.png,-1.0,0,0,0,262144,15091,34440,0,0,0,34,227704,247019,34,5,1
UQ_new_72a21805d9deaee2ca629c440bba4de6644ecca7.png,-0.5,0,0,0,262144,15091,34440,0,0,0,83,227704,246970,83,16,2
UQ_new_72a21805d9deaee2ca629c440bba4de6644ecca7.png,0.0,0,0,0,262144,15091,34440,0,0,0,149,227704,246904,149,17,1
UQ_new_72a21805d9deaee2ca629c440bba4de6644ecca7.png,0.5,0,0,0,262144,15091,34440,0,0,0,219,227704,246834,219,24,1
UQ_new_72a21805d9deaee2ca629c440bba4de6644ecca7.png,1.0,0,0,0,262144,15091,34440,0,0,0,310,227704,246743,310,25,1
UQ_new_72a21805d9deaee2ca629c440bba4de6644ecca7.png,1.5,0,0,0,262144,15091,34440,0,0,0,411,227704,246642,411,26,1
UQ_new_72a21805d9deaee2ca629c440bba4de6644ecca7.png,2.0,0,0,0,262144,15091,34440,0,0,0,524,227691,246542,524,41,2
UQ_new_72a21805d9deaee2ca629c440bba4de6644ecca7.png,2.5,0,0,0,262144,15087,34440,0,0,0,714,227668,246379,714,85,3
UQ_new_72a21805d9deaee2ca629c440bba4de6644ecca7.png,3.0,0,0,0,262144,15064,34440,0,0,0,1025,227623,246136,1025,101,4
UQ_new_72a21805d9deaee2ca629c440bba4de6644ecca7.png,3.5,0,0,0,262144,15023,34440,0,0,0,1412,227527,245886,1412,109,6
UQ_new_72a21805d9deaee2ca629c440bba4de6644ecca7.png,4.0,0,0,0,262144,14973,34440,0,0,0,1924,227294,245657,1924,167,8
UQ_new_72a21805d9deaee2ca629c440bba4de6644ecca7.png,4.5,0,0,0,262144,14913,34431,0,0,0,2619,226904,245421,2619,264,12
UQ_new_72a21805d9deaee2ca629c440bba4de6644ecca7.png,5.0,0,0,0,262144,14817,34422,0,0,0,3633,226205,245211,3633,386,16
UQ_new_72a21805d9deaee2ca629c440bba4de6644ecca7.png,5.5,0,0,0,262144,14680,34402,0,0,0,5326,224862,245018,5326,560,39
UQ_new_72a21805d9deaee2ca629c440bba4de6644ecca7.png,6.0,0,0,0,262144,14450,34325,0,0,0,8319,222580,244614,8319,942,48
UQ_new_72a21805d9deaee2ca629c440bba4de6644ecca7.png,6.5,0,0,0,262144,14105,34209,0,0,0,13158,218780,244036,13158,1573,104
UQ_new_72a21805d9deaee2ca629c440bba4de6644ecca7.png,7.0,0,0,0,262144,13674,33987,0,0,0,20668,212752,243207,20668,2680,187
UQ_new_72a21805d9deaee2ca629c440bba4de6644ecca7.png,7.5,0,0,0,262144,12920,33542,0,0,0,34476,201772,241578,34476,4893,231
UQ_new_72a21805d9deaee2ca629c440bba4de6644ecca7.png,8.0,0,0,0,262144,11734,32947,0,0,0,53715,186733,239159,53715,7212,276
UQ_new_7a6393189359fe8f0506731119ec7967ce8dd609.png,-2.0,0,0,0,262144,7358,16473,0,0,0,0,245671,254786,0,0,0
UQ_new_7a6393189359fe8f0506731119ec7967ce8dd609.png,-1.5,0,0,0,262144,7358,16473,0,0,0,0,245671,254786,0,0,0
UQ_new_7a6393189359fe8f0506731119ec7967ce8dd609.png,-1.0,0,0,0,262144,7358,16473,0,0,0,0,245671,254786,0,0,0
UQ_new_7a6393189359fe8f0506731119ec7967ce8dd609.png,-0.5,0,0,0,262144,7358,16473,0,0,0,0,245671,254786,0,0,0
UQ_new_7a6393189359fe8f0506731119ec7967ce8dd609.png,0.0,0,0,0,262144,7358,16473,0,0,0,0,245671,254786,0,0,0
UQ_new_7a6393189359fe8f0506731119ec7967ce8dd609.png,0.5,0,0,0,262144,7358,16473,0,0,0,0,245671,254786,0,0,0
UQ_new_7a6393189359fe8f0506731119ec7967ce8dd609.png,1.0,0,0,0,262144,7358,16473,0,0,0,0,245671,254786,0,0,0
UQ_new_7a6393189359fe8f0506731119ec7967ce8dd609.png,1.5,0,0,0,262144,7358,16473,0,0,0,0,245671,254786,0,0,0
UQ_new_7a6393189359fe8f0506731119ec7967ce8dd609.png,2.0,0,0,0,262144,7358,16473,0,0,0,0,245671,254786,0,0,0
UQ_new_7a6393189359fe8f0506731119ec7967ce8dd609.png,2.5,0,0,0,262144,7358,16473,0,0,0,7,245671,254779,7,4,1
UQ_new_7a6393189359fe8f0506731119ec7967ce8dd609.png,3.0,0,0,0,262144,7358,16473,0,0,0,26,245671,254760,26,9,1
UQ_new_7a6393189359fe8f0506731119ec7967ce8dd609.png,3.5,0,0,0,262144,7358,16473,0,0,0,76,245669,254712,76,24,3
UQ_new_7a6393189359fe8f0506731119ec7967ce8dd609.png,4.0,0,0,0,262144,7358,16473,0,0,0,265,245631,254561,265,55,2
UQ_new_7a6393189359fe8f0506731119ec7967ce8dd609.png,4.5,0,0,0,262144,7354,16473,0,0,0,491,245525,254445,491,75,7
UQ_new_7a6393189359fe8f0506731119ec7967ce8dd609.png,5.0,0,0,0,262144,7338,16473,0,0,0,1022,245101,254354,1022,168,17
UQ_new_7a6393189359fe8f0506731119ec7967ce8dd609.png,5.5,0,0,0,262144,7297,16470,0,0,0,2449,243828,254244,2449,391,29
UQ_new_7a6393189359fe8f0506731119ec7967ce8dd609.png,6.0,0,0,0,262144,7248,16444,0,0,0,4981,241540,254075,4981,772,56
UQ_new_7a6393189359fe8f0506731119ec7967ce8dd609.png,6.5,0,0,0,262144,7118,16394,0,0,0,10230,236805,253741,10230,1585,109
UQ_new_7a6393189359fe8f0506731119ec7967ce8dd609.png,7.0,0,0,0,262144,6856,16245,0,0,0,19783,228233,253171,19783,2890,151
UQ_new_7a6393189359fe8f0506731119ec7967ce8dd609.png,7.5,0,0,0,262144,6407,15903,0,0,0,33986,215640,252352,33986,4830,182
UQ_new_7a6393189359fe8f0506731119ec7967ce8dd609.png,8.0,0,0,0,262144,5752,15442,0,0,0,53669,198121,251304,53669,7109,187
UQ_new_7a8f8b8bd715d91bb955f27a44da965e960f0f08.png,-2.0,0,0,0,262144,141166,198964,0,882,0,347,63174,119755,347,42,3
UQ_new_7a8f8b8bd715d91bb955f27a44da965e960f0f08.png,-1.5,0,0,0,262144,141117,198962,0,882,0,476,63164,119687,476,60,4
UQ_new_7a8f8b8bd715d91bb955f27a44da965e960f0f08.png,-1.0,0,0,0,262144,141068,198960,0,882,0,641,63134,119603,641,88,5
UQ_new_7a8f8b8bd715d91bb955f27a44da965e960f0f08.png,-0.5,0,0,0,262144,141008,198960,0,882,0,845,63104,119489,845,91,3
UQ_new_7a8f8b8bd715d91bb955f27a44da965e960f0f08.png,0.0,0,0,0,262144,140950,198957,0,882,0,1006,63082,119411,1006,101,4
UQ_new_7a8f8b8bd715d91bb955f27a44da965e960f0f08.png,0.5,0,0,0,262144,140874,198954,0,882,0,1192,63070,119316,1192,136,6
UQ_new_7a8f8b8bd715d91bb955f27a44da965e960f0f08.png,1.0,0,0,0,262144,140800,198945,0,882,0,1415,63058,119188,1415,151,6
UQ_new_7a8f8b8bd715d91bb955f27a44da965e960f0f08.png,1.5,0,0,0,262144,140689,198940,0,882,0,1694,63041,119042,1694,174,7
UQ_new_7a8f8b8bd715d91bb955f27a44da965e960f0f08.png,2.0,0,0,0,262144,140504,198933,0,882,0,2124,63008,118837,2124,225,14
UQ_new_7a8f8b8bd715d91bb955f27a44da965e960f0f08.png,2.5,0,0,0,262144,140264,198930,0,882,0,2828,62963,118421,2828,299,21
UQ_new_7a8f8b8bd715d91bb955f27a44da965e960f0f08.png,3.0,0,0,0,262144,139971,198924,0,882,0,4134,62849,117528,4134,472,33
UQ_new_7a8f8b8bd715d91bb955f27a44da965e960f0f08.png,3.5,0,0,0,262144,139478,198910,0,876,0,6199,62640,116185,6199,746,44
UQ_new_7a8f8b8bd715d91bb955f27a44da965e960f0f08.png,4.0,0,0,0,262144,138734,198877,0,838,0,8863,62283,114693,8863,1085,68
UQ_new_7a8f8b8bd715d91bb955f27a44da965e960f0f08.png,4.5,0,0,0,262144,137490,198849,0,794,0,13405,61776,111974,13405,1718,100
UQ_new_7a8f8b8bd715d91bb955f27a44da965e960f0f08.png,5.0,0,0,0,262144,135547,198789,0,695,0,20083,60851,108323,20083,2631,132
UQ_new_7a8f8b8bd715d91bb955f27a44da965e960f0f08.png,5.5,0,0,0,262144,132836,198650,0,545,0,28865,59204,104188,28865,3800,167
UQ_new_7a8f8b8bd715d91bb955f27a44da965e960f0f08.png,6.0,0,0,0,262144,129076,198488,0,421,0,40922,56478,98903,40922,5530,211
UQ_new_7a8f8b8bd715d91bb955f27a44da965e960f0f08.png,6.5,0,0,0,262144,124276,198328,0,311,0,55842,52847,92684,55842,7332,232
UQ_new_7a8f8b8bd715d91bb955f27a44da965e960f0f08.png,7.0,0,0,0,262144,118252,198142,0,161,0,73748,47893,86092,73748,9698,228
UQ_new_7a8f8b8bd715d91bb955f27a44da965e960f0f08.png,7.5,0,0,0,262144,110793,197909,0,92,0,93705,41985,79804,93705,11672,220
UQ_new_7a8f8b8bd715d91bb955f27a44da965e960f0f08.png,8.0,0,0,0,262144,101909,197662,0,51,0,114553,35565,74548,114553,13564,151
UQ_new_7b4c6cff837e5c48ae5cb49094b8a0a7f013e6e6.png,-2.0,2186,223,9,262144,82937,92548,0,0,0,2247,167411,179145,61,23,1
UQ_new_7b4c6cff837e5c48ae5cb49094b8a0a7f013e6e6.png,-1.5,2186,223,9,262144,82916,92548,0,0,0,2281,167409,179134,95,36,3
UQ_new_7b4c6cff837e5c48ae5cb49094b8a0a7f013e6e6.png,-1.0,2186,223,9,262144,82897,92548,0,0,0,2342,167384,179117,156,51,2
UQ_new_7b4c6cff837e5c48ae5cb49094b8a0a7f013e6e6.png,-0.5,2186,223,9,262144,82871,92547,0,0,0,2417,167343,179110,231,58,4
UQ_new_7b4c6cff837e5c48ae5cb49094b8a0a7f013e6e6.png,0.0,2186,223,9,262144,82810,92546,0,0,1,2563,167264,179104,378,74,4
UQ_new_7b4c6cff837e5c48ae5cb49094b8a0a7f013e6e6.png,0.5,2186,223,9,262144,82780,92544,0,0,20,2674,167189,179081,508,94,4
UQ_new_7b4c6cff837e5c48ae5cb49094b8a0a7f013e6e6.png,1.0,2186,223,9,262144,82740,92543,0,0,50,2828,167083,179044,692,107,4
UQ_new_7b4c6cff837e5c48ae5cb49094b8a0a7f013e6e6.png,1.5,2186,223,9,262144,82678,92541,0,0,95,3007,166977,178990,916,117,3
UQ_new_7b4c6cff837e5c48ae5cb49094b8a0a7f013e6e6.png,2.0,2186,223,9,262144,82642,92539,0,0,147,3165,166870,178925,1126,135,4
UQ_new_7b4c6cff837e5c48ae5cb49094b8a0a7f013e6e6.png,2.5,2186,223,9,262144,82598,92536,0,0,215,3364,166739,178836,1393,154,6
UQ_new_7b4c6cff837e5c48ae5cb49094b8a0a7f013e6e6.png,3.0,2186,223,9,262144,82546,92533,0,0,285,3801,166459,178664,1900,218,12
UQ_new_7b4c6cff837e5c48ae5cb49094b8a0a7f013e6e6.png,3.5,2186,223,9,262144,82479,92526,0,0,356,4439,166016,178472,2609,268,9
UQ_new_7b4c6cff837e5c48ae5cb49094b8a0a7f013e6e6.png,4.0,2186,223,9,262144,82392,92522,0,0,423,5088,165537,178326,3325,333,16
UQ_new_7b4c6cff837e5c48ae5cb49094b8a0a7f013e6e6.png,4.5,2186,223,9,262144,82307,92512,0,0,481,5945,164848,178195,4240,416,22
UQ_new_7b4c6cff837e5c48ae5cb49094b8a0a7f013e6e6.png,5.0,2186,223,9,262144,82197,92500,0,0,538,7452,163677,177924,5804,643,33
UQ_new_7b4c6cff837e5c48ae5cb49094b8a0a7f013e6e6.png,5.5,2186,223,9,262144,82024,92463,0,0,598,9711,161925,177567,8123,899,46
UQ_new_7b4c6cff837e5c48ae5cb49094b8a0a7f013e6e6.png,6.0,2186,223,9,262144,81782,92382,0,0,647,12963,159282,177232,11424,1457,59
UQ_new_7b4c6cff837e5c48ae5cb49094b8a0a7f013e6e6.png,6.5,2186,223,9,262144,81376,92252,0,0,740,17202,155890,176828,15756,2131,81
UQ_new_7b4c6cff837e5c48ae5cb49094b8a0a7f013e6e6.png,7.0,2186,223,9,262144,80774,92041,0,0,876,23203,151041,176353,21893,3074,119
UQ_new_7b4c6cff837e5c48ae5cb49094b8a0a7f013e6e6.png,7.5,2186,223,9,262144,79895,91731,0,0,1173,31657,144223,175609,30644,4373,160
UQ_new_7b4c6cff837e5c48ae5cb49094b8a0a7f013e6e6.png,8.0,2186,223,9,262144,78386,91316,0,0,1482,42839,135516,174749,42135,5863,175
UQ_new_7b87fe0fbed555fb1386aff721ce9e8b32aefb67.png,-2.0,31312,3280,28,262144,21764,36099,14713,21964,3955,31580,172908,221305,4223,750,34
UQ_new_7b87fe0fbed555fb1386aff721ce9e8b32aefb67.png,-1.5,31312,3280,28,262144,21751,36049,14713,21964,4979,31828,172713,220291,5495,900,47
UQ_new_7b87fe0fbed555fb1386aff721ce9e8b32aefb67.png,-1.0,31312,3280,28,262144,21739,36005,14713,21964,6292,32198,172403,218974,7178,1118,52
UQ_new_7b87fe0fbed555fb1386aff721ce9e8b32aefb67.png,-0.5,31312,3280,28,262144,21721,35967,14710,21964,7839,32684,171996,217407,9211,1333,44
UQ_new_7b87fe0fbed555fb1386aff721ce9e8b32aefb67.png,0.0,31312,3280,28,262144,21701,35917,14708,21962,9465,33480,171284,215771,11633,1571,47
UQ_new_7b87fe0fbed555fb1386aff721ce9e8b32aefb67.png,0.5,31312,3280,28,262144,21670,35857,14701,21959,11067,34679,170202,214153,14434,1824,52
UQ_new_7b87fe0fbed555fb1386aff721ce9e8b32aefb67.png,1.0,31312,3280,28,262144,21598,35792,14697,21953,12855,36611,168468,212314,18154,2239,64
UQ_new_7b87fe0fbed555fb1386aff721ce9e8b32aefb67.png,1.5,31312,3280,28,262144,21540,35708,14685,21943,14872,39097,166226,210217,22657,2699,57
UQ_new_7b87fe0fbed555fb1386aff721ce9e8b32aefb67.png,2.0,31312,3280,28,262144,21465,35574,14670,21927,16794,42510,163193,208155,27992,3184,73
UQ_new_7b87fe0fbed555fb1386aff721ce9e8b32aefb67.png,2.5,31312,3280,28,262144,21359,35410,14647,21896,18556,46947,159246,206227,34191,3754,67
UQ_new_7b87fe0fbed555fb1386aff721ce9e8b32aefb67.png,3.0,31312,3280,28,262144,21227,35266,14616,21852,20333,52444,154387,204163,41465,4437,66
UQ_new_7b87fe0fbed555fb1386aff721ce9e8b32aefb67.png,3.5,31312,3280,28,262144,21006,35082,14539,21813,21865,59440,148386,202157,49993,4989,71
UQ_new_7b87fe0fbed555fb1386aff721ce9e8b32aefb67.png,4.0,31312,3280,28,262144,20730,34804,14444,21760,23438,67986,141051,200075,60112,5851,74
UQ_new_7b87fe0fbed555fb1386aff721ce9e8b32aefb67.png,4.5,31312,3280,28,262144,20337,34483,14307,21679,24883,77980,132627,197992,71551,6622,87
UQ_new_7b87fe0fbed555fb1386aff721ce9e8b32aefb67.png,5.0,31312,3280,28,262144,19835,34033,14101,21602,26320,89936,122827,195634,84944,7818,129
UQ_new_7b87fe0fbed555fb1386aff721ce9e8b32aefb67.png,5.5,31312,3280,28,262144,19108,33494,13705,21480,27711,104741,110950,193099,101140,9425,141
UQ_new_7b87fe0fbed555fb1386aff721ce9e8b32aefb67.png,6.0,31312,3280,28,262144,18150,32867,13170,21321,28752,122774,96570,190684,120214,11356,133
UQ_new_7b87fe0fbed555fb1386aff721ce9e8b32aefb67.png,6.5,31312,3280,28,262144,16867,32136,12453,21131,29677,145053,78674,188297,143418,13373,112
UQ_new_7b87fe0fbed555fb1386aff721ce9e8b32aefb67.png,7.0,31312,3280,28,262144,15393,31400,11512,20933,30248,168735,59561,186506,167671,14734,73
UQ_new_7b87fe0fbed555fb1386aff721ce9e8b32aefb67.png,7.5,31312,3280,28,262144,13798,30641,10342,20764,30643,189719,43132,185249,189050,15005,42
UQ_new_7b87fe0fbed555fb1386aff721ce9e8b32aefb67.png,8.0,31312,3280,28,262144,12026,29914,8968,20613,30901,207733,29777,184356,207322,14905,20
UQ_new_7decf8a55a344aa405b6f5e9f943b7327df40e49.png,-2.0,25412,3059,40,262144,23716,57288,49586,73000,3847,26145,113469,177237,4580,794,35
UQ_new_7decf8a55a344aa405b6f5e9f943b7327df40e49.png,-1.5,25412,3059,40,262144,23716,57285,49584,73000,4890,26498,113197,176118,5976,977,31
UQ_new_7decf8a55a344aa405b6f5e9f943b7327df40e49.png,-1.0,25412,3059,40,262144,23716,57282,49580,72995,5906,27130,112705,174974,7624,1143,32
UQ_new_7decf8a55a344aa405b6f5e9f943b7327df40e49.png,-0.5,25412,3059,40,262144,23712,57276,49573,72980,6894,27910,112051,173892,9392,1270,42
UQ_new_7decf8a55a344aa405b6f5e9f943b7327df40e49.png,0.0,25412,3059,40,262144,23706,57262,49552,72970,7920,28978,111133,172767,11486,1454,49
UQ_new_7decf8a55a344aa405b6f5e9f943b7327df40e49.png,0.5,25412,3059,40,262144,23694,57237,49510,72956,8996,30506,109863,171526,14090,1797,60
UQ_new_7decf8a55a344aa405b6f5e9f943b7327df40e49.png,1.0,25412,3059,40,262144,23636,57187,49446,72940,10154,32571,108169,170185,17313,2095,58
UQ_new_7decf8a55a344aa405b6f5e9f943b7327df40e49.png,1.5,25412,3059,40,262144,23564,57097,49335,72913,11317,35048,106283,168731,20953,2373,55
UQ_new_7decf8a55a344aa405b6f5e9f943b7327df40e49.png,2.0,25412,3059,40,262144,23435,56968,49196,72850,12430,38229,103913,167267,25247,2767,72
UQ_new_7decf8a55a344aa405b6f5e9f943b7327df40e49.png,2.5,25412,3059,40,262144,23283,56815,48998,72756,13543,42500,100696,165697,30631,3224,79
UQ_new_7decf8a55a344aa405b6f5e9f943b7327df40e49.png,3.0,25412,3059,40,262144,23075,56579,48716,72632,14689,48307,96319,163971,37584,4071,107
UQ_new_7decf8a55a344aa405b6f5e9f943b7327df40e49.png,3.5,25412,3059,40,262144,22757,56240,48297,72475,16032,56097,90656,161734,46717,5080,115
UQ_new_7decf8a55a344aa405b6f5e9f943b7327df40e49.png,4.0,25412,3059,40,262144,22320,55704,47783,72273,17434,66184,83546,159044,58206,6296,116
UQ_new_7decf8a55a344aa405b6f5e9f943b7327df40e49.png,4.5,25412,3059,40,262144,21735,54968,46983,71979,18617,79245,75007,155754,72450,7767,119
UQ_new_7decf8a55a344aa405b6f5e9f943b7327df40e49.png,5.0,25412,3059,40,262144,20983,54062,45903,71575,19932,94437,65593,151803,88957,9318,120
UQ_new_7decf8a55a344aa405b6f5e9f943b7327df40e49.png,5.5,25412,3059,40,262144,19803,53102,44351,71069,21114,111531,56041,147277,107233,10684,102
UQ_new_7decf8a55a344aa405b6f5e9f943b7327df40e49.png,6.0,25412,3059,40,262144,18298,51927,42349,70417,22151,130720,46018,142408,127459,12333,110
UQ_new_7decf8a55a344aa405b6f5e9f943b7327df40e49.png,6.5,25412,3059,40,262144,16337,50528,39829,69760,23028,151847,35978,136981,149463,13504,90
UQ_new_7decf8a55a344aa405b6f5e9f943b7327df40e49.png,7.0,25412,3059,40,262144,14128,49163,36753,69141,23686,173227,26615,131575,171501,14879,57
UQ_new_7decf8a55a344aa405b6f5e9f943b7327df40e49.png,7.5,25412,3059,40,262144,11745,48019,33100,68634,24233,192187,18307,128063,191008,14664,41
UQ_new_7decf8a55a344aa405b6f5e9f943b7327df40e49.png,8.0,25412,3059,40,262144,9255,47229,29109,68215,24606,207645,11742,126487,206839,14199,26
UQ_new_80d02d999190ed217434758c70f42fcec9531ed9.png,-2.0,3975,346,15,262144,7153,18700,6694,9828,567,4244,229444,247658,836,92,5
UQ_new_80d02d999190ed217434758c70f42fcec9531ed9.png,-1.5,3975,346,15,262144,7153,18700,6694,9828,682,4319,229370,247542,1026,97,6
UQ_new_80d02d999190ed217434758c70f42fcec9531ed9.png,-1.0,3975,346,15,262144,7153,18700,6694,9828,880,4397,229294,247342,1302,119,4
UQ_new_80d02d999190ed217434758c70f42fcec9531ed9.png,-0.5,3975,346,15,262144,7153,18700,6694,9828,1046,4486,229207,247174,1557,119,4
UQ_new_80d02d999190ed217434758c70f42fcec9531ed9.png,0.0,3975,346,15,262144,7153,18700,6694,9828,1190,4583,229111,247029,1798,126,4
UQ_new_80d02d999190ed217434758c70f42fcec9531ed9.png,0.5,3975,346,15,262144,7153,18700,6694,9824,1320,4701,228999,246897,2046,136,4
UQ_new_80d02d999190ed217434758c70f42fcec9531ed9.png,1.0,3975,346,15,262144,7153,18700,6694,9820,1455,4867,228837,246762,2347,164,6
UQ_new_80d02d999190ed217434758c70f42fcec9531ed9.png,1.5,3975,346,15,262144,7153,18700,6694,9818,1571,5122,228590,246640,2718,188,7
UQ_new_80d02d999190ed217434758c70f42fcec9531ed9.png,2.0,3975,346,15,262144,7153,18700,6692,9811,1667,5472,228259,246534,3164,227,8
UQ_new_80d02d999190ed217434758c70f42fcec9531ed9.png,2.5,3975,346,15,262144,7152,18700,6692,9809,1756,5873,227882,246424,3654,236,6
UQ_new_80d02d999190ed217434758c70f42fcec9531ed9.png,3.0,3975,346,15,262144,7150,18700,6691,9802,1862,6269,227508,246306,4156,264,9
UQ_new_80d02d999190ed217434758c70f42fcec9531ed9.png,3.5,3975,346,15,262144,7146,18698,6688,9796,2005,6762,227051,246142,4792,317,8
UQ_new_80d02d999190ed217434758c70f42fcec9531ed9.png,4.0,3975,346,15,262144,7139,18697,6685,9791,2141,7414,226457,245964,5580,345,11
UQ_new_80d02d999190ed217434758c70f42fcec9531ed9.png,4.5,3975,346,15,262144,7132,18693,6681,9784,2286,8387,225571,245754,6698,483,23
UQ_new_80d02d999190ed217434758c70f42fcec9531ed9.png,5.0,3975,346,15,262144,7123,18678,6674,9775,2424,9914,224164,245536,8363,629,25
UQ_new_80d02d999190ed217434758c70f42fcec9531ed9.png,5.5,3975,346,15,262144,7112,18653,6664,9769,2563,11842,222417,245268,10430,868,38
UQ_new_80d02d999190ed217434758c70f42fcec9531ed9.png,6.0,3975,346,15,262144,7080,18627,6639,9760,2638,14801,219731,245012,13464,1278,54
UQ_new_80d02d999190ed217434758c70f42fcec9531ed9.png,6.5,3975,346,15,262144,6987,18595,6596,9734,2722,19412,215705,244537,18159,1988,85
UQ_new_80d02d999190ed217434758c70f42fcec9531ed9.png,7.0,3975,346,15,262144,6827,18536,6501,9704,2778,25677,210529,243736,24480,2767,137
UQ_new_80d02d999190ed217434758c70f42fcec9531ed9.png,7.5,3975,346,15,262144,6559,18420,6318,9664,2922,36000,202156,242249,34947,4213,184
UQ_new_80d02d999190ed217434758c70f42fcec9531ed9.png,8.0,3975,346,15,262144,6131,18187,6074,9601,3228,51232,189531,240304,50485,6121,198
UQ_new_8840a1cd3cc383c3eb6af6cf5e9c3307f4b6c5fa.png,-2.0,15134,1518,39,262144,9630,28884,38946,49836,1902,15440,169469,210181,2208,245,10
UQ_new_8840a1cd3cc383c3eb6af6cf5e9c3307f4b6c5fa.png,-1.5,15134,1518,39,262144,9624,28879,38945,49820,2080,15583,169362,209995,2529,264,9
UQ_new_8840a1cd3cc383c3eb6af6cf5e9c3307f4b6c5fa.png,-1.0,15134,1518,39,262144,9614,28873,38942,49800,2254,15752,169243,209810,2872,291,9
UQ_new_8840a1cd3cc383c3eb6af6cf5e9c3307f4b6c5fa.png,-0.5,15134,1518,39,262144,9607,28866,38933,49769,2439,15947,169092,209635,3252,300,10
UQ_new_8840a1cd3cc383c3eb6af6cf5e9c3307f4b6c5fa.png,0.0,15134,1518,39,262144,9591,28857,38917,49745,2653,16166,168928,209431,3685,327,11
UQ_new_8840a1cd3cc383c3eb6af6cf5e9c3307f4b6c5fa.png,0.5,15134,1518,39,262144,9577,28850,38896,49701,2901,16421,168743,209199,4188,373,14
UQ_new_8840a1cd3cc383c3eb6af6cf5e9c3307f4b6c5fa.png,1.0,15134,1518,39,262144,9536,28836,38866,49663,3187,16785,168502,208913,4838,425,13
UQ_new_8840a1cd3cc383c3eb6af6cf5e9c3307f4b6c5fa.png,1.5,15134,1518,39,262144,9499,28816,38820,49637,3477,17273,168196,208570,5616,484,16
UQ_new_8840a1cd3cc383c3eb6af6cf5e9c3307f4b6c5fa.png,2.0,15134,1518,39,262144,9465,28794,38756,49612,3820,17931,167739,208171,6617,591,20
UQ_new_8840a1cd3cc383c3eb6af6cf5e9c3307f4b6c5fa.png,2.5,15134,1518,39,262144,9434,28768,38679,49593,4249,18748,167129,207688,7863,727,21
UQ_new_8840a1cd3cc383c3eb6af6cf5e9c3307f4b6c5fa.png,3.0,15134,1518,39,262144,9390,28724,38578,49572,4707,19909,166230,207178,9482,849,23
UQ_new_8840a1cd3cc383c3eb6af6cf5e9c3307f4b6c5fa.png,3.5,15134,1518,39,262144,9343,28672,38465,49528,5193,21441,165026,206620,11500,1023,25
UQ_new_8840a1cd3cc383c3eb6af6cf5e9c3307f4b6c5fa.png,4.0,15134,1518,39,262144,9297,28602,38321,49505,5675,23353,163559,205976,13894,1257,36
UQ_new_8840a1cd3cc383c3eb6af6cf5e9c3307f4b6c5fa.png,4.5,15134,1518,39,262144,9233,28465,38165,49460,6242,26261,161348,205114,17369,1643,70
UQ_new_8840a1cd3cc383c3eb6af6cf5e9c3307f4b6c5fa.png,5.0,15134,1518,39,262144,9109,28167,37930,49395,6945,30979,157906,203857,22790,2293,100
UQ_new_8840a1cd3cc383c3eb6af6cf5e9c3307f4b6c5fa.png,5.5,15134,1518,39,262144,8931,27655,37528,49282,7938,38192,152933,201829,30996,3428,149
UQ_new_8840a1cd3cc383c3eb6af6cf5e9c3307f4b6c5fa.png,6.0,15134,1518,39,262144,8574,26843,36938,49121,9250,49647,145102,198813,43763,5286,167
UQ_new_8840a1cd3cc383c3eb6af6cf5e9c3307f4b6c5fa.png,6.5,15134,1518,39,262144,7966,25644,35983,48898,10441,66360,133623,195373,61667,7436,144
UQ_new_8840a1cd3cc383c3eb6af6cf5e9c3307f4b6c5fa.png,7.0,15134,1518,39,262144,7139,24235,34728,48639,11449,87896,118262,191940,84211,9283,124
UQ_new_8840a1cd3cc383c3eb6af6cf5e9c3307f4b6c5fa.png,7.5,15134,1518,39,262144,6128,22591,33264,48349,12161,112579,100075,189141,109606,10971,104
UQ_new_8840a1cd3cc383c3eb6af6cf5e9c3307f4b6c5fa.png,8.0,15134,1518,39,262144,5054,21077,31581,48112,12935,139059,79902,186568,136860,12507,61
UQ_new_89f6dca2dcbcaf1f3948682912098b5ebfbeae12.png,-2.0,0,0,0,262144,62580,79253,0,49,0,25,182817,199564,25,8,1
UQ_new_89f6dca2dcbcaf1f3948682912098b5ebfbeae12.png,-1.5,0,0,0,262144,62580,79253,0,49,0,55,182789,199562,55,11,1
UQ_new_89f6dca2dcbcaf1f3948682912098b5ebfbeae12.png,-1.0,0,0,0,262144,62580,79252,0,49,0,118,182734,199555,118,30,2
UQ_new_89f6dca2dcbcaf1f3948682912098b5ebfbeae12.png,-0.5,0,0,0,262144,62577,79251,0,49,0,179,182679,199553,179,32,2
UQ_new_89f6dca2dcbcaf1f3948682912098b5ebfbeae12.png,0.0,0,0,0,262144,62573,79250,0,49,0,236,182627,199553,236,37,2
UQ_new_89f6dca2dcbcaf1f3948682912098b5ebfbeae12.png,0.5,0,0,0,262144,62570,79249,0,49,0,312,182556,199552,312,42,2
UQ_new_89f6dca2dcbcaf1f3948682912098b5ebfbeae12.png,1.0,0,0,0,262144,62564,79247,0,49,0,409,182469,199550,409,53,3
UQ_new_89f6dca2dcbcaf1f3948682912098b5ebfbeae12.png,1.5,0,0,0,262144,62554,79244,0,49,0,514,182378,199549,514,59,4
UQ_new_89f6dca2dcbcaf1f3948682912098b5ebfbeae12.png,2.0,0,0,0,262144,62540,79237,0,49,0,691,182235,199536,691,78,5
UQ_new_89f6dca2dcbcaf1f3948682912098b5ebfbeae12.png,2.5,0,0,0,262144,62522,79218,0,49,0,921,182055,199523,921,104,3
UQ_new_89f6dca2dcbcaf1f3948682912098b5ebfbeae12.png,3.0,0,0,0,262144,62490,79186,0,49,0,1131,181935,199497,1131,122,4
UQ_new_89f6dca2dcbcaf1f3948682912098b5ebfbeae12.png,3.5,0,0,0,262144,62457,79160,0,49,0,1328,181821,199473,1328,143,5
UQ_new_89f6dca2dcbcaf1f3948682912098b5ebfbeae12.png,4.0,0,0,0,262144,62405,79132,0,49,0,1650,181603,199449,1650,193,8
UQ_new_89f6dca2dcbcaf1f3948682912098b5ebfbeae12.png,4.5,0,0,0,262144,62357,79085,0,45,0,2234,181137,199430,2234,297,21
UQ_new_89f6dca2dcbcaf1f3948682912098b5ebfbeae12.png,5.0,0,0,0,262144,62290,79031,0,29,0,3379,180177,199382,3379,489,40
UQ_new_89f6dca2dcbcaf1f3948682912098b5ebfbeae12.png,5.5,0,0,0,262144,62206,78953,0,19,0,5471,178329,199310,5471,798,58
UQ_new_89f6dca2dcbcaf1f3948682912098b5ebfbeae12.png,6.0,0,0,0,262144,62045,78805,0,8,0,9069,175202,199159,9069,1377,99
UQ_new_89f6dca2dcbcaf1f3948682912098b5ebfbeae12.png,6.5,0,0,0,262144,61756,78520,0,6,0,15205,169995,198806,15205,2425,162
UQ_new_89f6dca2dcbcaf1f3948682912098b5ebfbeae12.png,7.0,0,0,0,262144,61139,78054,0,4,0,24611,162387,198093,24611,3998,250
UQ_new_89f6dca2dcbcaf1f3948682912098b5ebfbeae12.png,7.5,0,0,0,262144,60040,77298,0,2,0,38547,151264,197137,38547,6208,274
UQ_new_89f6dca2dcbcaf1f3948682912098b5ebfbeae12.png,8.0,0,0,0,262144,58328,76237,0,0,0,57134,136726,195863,57134,8866,337
UQ_new_8bce489cf743221de085f228f17abaf44121b6ff.png,-2.0,24265,2905,15,262144,47782,69993,19079,22392,367,24898,145912,193865,1000,189,15
UQ_new_8bce489cf743221de085f228f17abaf44121b6ff.png,-1.5,24265,2905,15,262144,47781,69988,19079,22392,659,25165,145677,193547,1559,292,17
UQ_new_8bce489cf743221de085f228f17abaf44121b6ff.png,-1.0,24265,2905,15,262144,47777,69980,19079,22392,1098,25487,145393,193082,2320,401,19
UQ_new_8bce489cf743221de085f228f17abaf44121b6ff.png,-0.5,24265,2905,15,262144,47764,69968,19079,22392,1632,25931,145023,192499,3298,498,22
UQ_new_8bce489cf743221de085f228f17abaf44121b6ff.png,0.0,24265,2905,15,262144,47737,69957,19079,22392,2376,26421,144629,191697,4532,598,25
UQ_new_8bce489cf743221de085f228f17abaf44121b6ff.png,0.5,24265,2905,15,262144,47707,69931,19077,22391,3206,27006,144197,190773,5947,728,31
UQ_new_8bce489cf743221de085f228f17abaf44121b6ff.png,1.0,24265,2905,15,262144,47673,69879,19067,22390,4213,27768,143651,189647,7716,893,39
UQ_new_8bce489cf743221de085f228f17abaf44121b6ff.png,1.5,24265,2905,15,262144,47606,69822,19057,22385,5314,28928,142795,188381,9977,1150,41
UQ_new_8bce489cf743221de085f228f17abaf44121b6ff.png,2.0,24265,2905,15,262144,47490,69723,19038,22378,6417,30668,141523,187051,12820,1391,46
UQ_new_8bce489cf743221de085f228f17abaf44121b6ff.png,2.5,24265,2905,15,262144,47350,69596,19001,22367,7505,32894,139834,185741,16134,1769,63
UQ_new_8bce489cf743221de085f228f17abaf44121b6ff.png,3.0,24265,2905,15,262144,47170,69431,18961,22351,8877,35786,137585,184127,20398,2169,67
UQ_new_8bce489cf743221de085f228f17abaf44121b6ff.png,3.5,24265,2905,15,262144,46927,69159,18907,22313,10289,39857,134468,182368,25881,2753,79
UQ_new_8bce489cf743221de085f228f17abaf44121b6ff.png,4.0,24265,2905,15,262144,46540,68785,18804,22254,11843,45563,130204,180295,33141,3517,109
UQ_new_8bce489cf743221de085f228f17abaf44121b6ff.png,4.5,24265,2905,15,262144,45939,68218,18651,22176,13500,53065,124888,177851,42300,4603,152
UQ_new_8bce489cf743221de085f228f17abaf44121b6ff.png,5.0,24265,2905,15,262144,45042,67491,18368,22021,15424,62822,118223,174897,53981,6220,177
UQ_new_8bce489cf743221de085f228f17abaf44121b6ff.png,5.5,24265,2905,15,262144,43909,66584,18033,21786,17253,75399,109425,171899,68387,8141,205
UQ_new_8bce489cf743221de085f228f17abaf44121b6ff.png,6.0,24265,2905,15,262144,42344,65304,17511,21515,19116,92694,97215,168589,87545,10393,212
UQ_new_8bce489cf743221de085f228f17abaf44121b6ff.png,6.5,24265,2905,15,262144,40336,63778,16896,21233,20689,112228,83618,165510,108652,12278,179
UQ_new_8bce489cf743221de085f228f17abaf44121b6ff.png,7.0,24265,2905,15,262144,37743,62225,16111,21026,22275,133062,69188,162658,131072,14389,119
UQ_new_8bce489cf743221de085f228f17abaf44121b6ff.png,7.5,24265,2905,15,262144,34671,60958,15318,20898,23449,154601,53836,160557,153785,15863,74
UQ_new_8bce489cf743221de085f228f17abaf44121b6ff.png,8.0,24265,2905,15,262144,31309,59994,14424,20815,23941,173818,40419,159568,173494,15804,48
UQ_new_8bf5eead247817905ea4e02647c2fe7fbac814c4.png,-2.0,0,0,0,262144,1358,9976,0,0,0,0,252168,260786,0,0,0
UQ_new_8bf5eead247817905ea4e02647c2fe7fbac814c4.png,-1.5,0,0,0,262144,1358,9976,0,0,0,0,252168,260786,0,0,0
UQ_new_8bf5eead247817905ea4e02647c2fe7fbac814c4.png,-1.0,0,0,0,262144,1358,9976,0,0,0,0,252168,260786,0,0,0
UQ_new_8bf5eead247817905ea4e02647c2fe7fbac814c4.png,-0.5,0,0,0,262144,1358,9976,0,0,0,0,252168,260786,0,0,0
UQ_new_8bf5eead247817905ea4e02647c2fe7fbac814c4.png,0.0,0,0,0,262144,1358,9976,0,0,0,0,252168,260786,0,0,0
UQ_new_8bf5eead247817905ea4e02647c2fe7fbac814c4.png,0.5,0,0,0,262144,1358,9976,0,0,0,0,252168,260786,0,0,0
UQ_new_8bf5eead247817905ea4e02647c2fe7fbac814c4.png,1.0,0,0,0,262144,1358,9976,0,0,0,0,252168,260786,0,0,0
UQ_new_8bf5eead247817905ea4e02647c2fe7fbac814c4.png,1.5,0,0,0,262144,1358,9976,0,0,0,0,252168,260786,0,0,0
UQ_new_8bf5eead247817905ea4e02647c2fe7fbac814c4.png,2.0,0,0,0,262144,1358,9976,0,0,0,0,252168,260786,0,0,0
UQ_new_8bf5eead247817905ea4e02647c2fe7fbac814c4.png,2.5,0,0,0,262144,1358,9976,0,0,0,13,252155,260786,13,11,2
UQ_new_8bf5eead247817905ea4e02647c2fe7fbac814c4.png,3.0,0,0,0,262144,1358,9976,0,0,0,140,252028,260786,140,38,2
UQ_new_8bf5eead247817905ea4e02647c2fe7fbac814c4.png,3.5,0,0,0,262144,1358,9976,0,0,0,335,251837,260782,335,49,3
UQ_new_8bf5eead247817905ea4e02647c2fe7fbac814c4.png,4.0,0,0,0,262144,1358,9976,0,0,0,654,251549,260751,654,69,6
UQ_new_8bf5eead247817905ea4e02647c2fe7fbac814c4.png,4.5,0,0,0,262144,1358,9976,0,0,0,1200,251054,260700,1200,113,6
UQ_new_8bf5eead247817905ea4e02647c2fe7fbac814c4.png,5.0,0,0,0,262144,1353,9976,0,0,0,2032,250314,260613,2032,213,14
UQ_new_8bf5eead247817905ea4e02647c2fe7fbac814c4.png,5.5,0,0,0,262144,1348,9971,0,0,0,3799,248762,260408,3799,446,46
UQ_new_8bf5eead247817905ea4e02647c2fe7fbac814c4.png,6.0,0,0,0,262144,1311,9902,0,0,0,8200,245022,259853,8200,1110,73
UQ_new_8bf5eead247817905ea4e02647c2fe7fbac814c4.png,6.5,0,0,0,262144,1199,9864,0,0,0,15942,238335,258948,15942,2089,101
UQ_new_8bf5eead247817905ea4e02647c2fe7fbac814c4.png,7.0,0,0,0,262144,865,9811,0,0,0,27816,227912,257884,27816,3475,134
UQ_new_8bf5eead247817905ea4e02647c2fe7fbac814c4.png,7.5,0,0,0,262144,523,9697,0,0,0,44274,213001,256793,44274,5154,166
UQ_new_8bf5eead247817905ea4e02647c2fe7fbac814c4.png,8.0,0,0,0,262144,332,9559,0,0,0,65323,193540,255534,65323,6948,136
UQ_new_8eee622f160e8f400d7d9b6fe0ce10dc51ab7031.png,-2.0,24026,2873,32,262144,17571,44260,48502,83552,182,24209,114501,191511,365,82,9
UQ_new_8eee622f160e8f400d7d9b6fe0ce10dc51ab7031.png,-1.5,24026,2873,32,262144,17571,44260,48502,83552,392,24284,114433,191294,650,140,13
UQ_new_8eee622f160e8f400d7d9b6fe0ce10dc51ab7031.png,-1.0,24026,2873,32,262144,17571,44260,48500,83552,671,24458,114281,190995,1103,227,23
UQ_new_8eee622f160e8f400d7d9b6fe0ce10dc51ab7031.png,-0.5,24026,2873,32,262144,17571,44260,48492,83551,1030,24890,113869,190625,1894,325,26
UQ_new_8eee622f160e8f400d7d9b6fe0ce10dc51ab7031.png,0.0,24026,2873,32,262144,17571,44259,48482,83535,1453,25492,113312,190184,2919,451,28
UQ_new_8eee622f160e8f400d7d9b6fe0ce10dc51ab7031.png,0.5,24026,2873,32,262144,17570,44252,48463,83523,2052,26369,112490,189569,4395,651,36
UQ_new_8eee622f160e8f400d7d9b6fe0ce10dc51ab7031.png,1.0,24026,2873,32,262144,17566,44224,48436,83501,2938,27640,111342,188641,6552,848,37
UQ_new_8eee622f160e8f400d7d9b6fe0ce10dc51ab7031.png,1.5,24026,2873,32,262144,17563,44146,48410,83480,3756,29266,109883,187784,8996,1072,41
UQ_new_8eee622f160e8f400d7d9b6fe0ce10dc51ab7031.png,2.0,24026,2873,32,262144,17541,44006,48376,83456,4662,31459,107946,186842,12095,1413,42
UQ_new_8eee622f160e8f400d7d9b6fe0ce10dc51ab7031.png,2.5,24026,2873,32,262144,17492,43838,48340,83424,5762,34035,105730,185667,15771,1703,46
UQ_new_8eee622f160e8f400d7d9b6fe0ce10dc51ab7031.png,3.0,24026,2873,32,262144,17416,43637,48267,83380,6966,37381,102955,184286,20321,2102,59
UQ_new_8eee622f160e8f400d7d9b6fe0ce10dc51ab7031.png,3.5,24026,2873,32,262144,17305,43380,48160,83305,8139,41723,99403,182873,25836,2663,60
UQ_new_8eee622f160e8f400d7d9b6fe0ce10dc51ab7031.png,4.0,24026,2873,32,262144,17113,42988,47988,83204,9507,47804,94614,181070,33285,3477,105
UQ_new_8eee622f160e8f400d7d9b6fe0ce10dc51ab7031.png,4.5,24026,2873,32,262144,16791,42337,47696,83033,11464,57209,87729,178029,44647,4789,129
UQ_new_8eee622f160e8f400d7d9b6fe0ce10dc51ab7031.png,5.0,24026,2873,32,262144,16298,41299,47185,82720,13313,70216,78716,174541,59503,6504,142
UQ_new_8eee622f160e8f400d7d9b6fe0ce10dc51ab7031.png,5.5,24026,2873,32,262144,15610,39891,46224,82285,15161,86956,67994,170167,78091,8526,162
UQ_new_8eee622f160e8f400d7d9b6fe0ce10dc51ab7031.png,6.0,24026,2873,32,262144,14744,38133,44646,81657,17326,107445,55896,164441,100745,10615,150
UQ_new_8eee622f160e8f400d7d9b6fe0ce10dc51ab7031.png,6.5,24026,2873,32,262144,13772,36084,42548,80916,19567,131423,43119,156859,126964,12356,111
UQ_new_8eee622f160e8f400d7d9b6fe0ce10dc51ab7031.png,7.0,24026,2873,32,262144,12651,34212,39803,80239,21425,155454,31690,148814,152853,13324,73
UQ_new_8eee622f160e8f400d7d9b6fe0ce10dc51ab7031.png,7.5,24026,2873,32,262144,11342,32491,36532,79628,22478,178470,22113,141234,176922,13699,42
UQ_new_8eee622f160e8f400d7d9b6fe0ce10dc51ab7031.png,8.0,24026,2873,32,262144,10076,31208,33008,79106,23139,197792,13973,135986,196905,12979,22
UQ_new_8f7581b39724de06a36a675ee60e089bdd85501b.png,-2.0,27533,3297,39,262144,11061,30932,36322,52648,931,27621,154852,209921,1019,220,13
UQ_new_8f7581b39724de06a36a675ee60e089bdd85501b.png,-1.5,27533,3297,39,262144,11044,30884,36322,52622,1328,27700,154819,209569,1495,273,10
UQ_new_8f7581b39724de06a36a675ee60e089bdd85501b.png,-1.0,27533,3297,39,262144,11025,30840,36322,52606,1720,27836,154750,209189,2023,321,13
UQ_new_8f7581b39724de06a36a675ee60e089bdd85501b.png,-0.5,27533,3297,39,262144,11010,30781,36322,52599,2194,28024,154630,208728,2685,386,14
UQ_new_8f7581b39724de06a36a675ee60e089bdd85501b.png,0.0,27533,3297,39,262144,10989,30742,36322,52587,2806,28333,154423,208086,3606,497,23
UQ_new_8f7581b39724de06a36a675ee60e089bdd85501b.png,0.5,27533,3297,39,262144,10938,30682,36322,52573,3512,28961,153990,207310,4940,647,23
UQ_new_8f7581b39724de06a36a675ee60e089bdd85501b.png,1.0,27533,3297,39,262144,10860,30590,36322,52553,4282,29918,153351,206412,6667,844,30
UQ_new_8f7581b39724de06a36a675ee60e089bdd85501b.png,1.5,27533,3297,39,262144,10803,30518,36322,52523,5078,31045,152533,205466,8590,927,35
UQ_new_8f7581b39724de06a36a675ee60e089bdd85501b.png,2.0,27533,3297,39,262144,10709,30468,36321,52489,6170,32499,151435,204197,11136,1166,41
UQ_new_8f7581b39724de06a36a675ee60e089bdd85501b.png,2.5,27533,3297,39,262144,10604,30388,36318,52458,7592,34255,150120,202553,14314,1480,42
UQ_new_8f7581b39724de06a36a675ee60e089bdd85501b.png,3.0,27533,3297,39,262144,10458,30321,36313,52406,8983,36592,148355,200860,18042,1712,46
UQ_new_8f7581b39724de06a36a675ee60e089bdd85501b.png,3.5,27533,3297,39,262144,10282,30225,36308,52317,10257,39612,146159,199128,22336,2006,54
UQ_new_8f7581b39724de06a36a675ee60e089bdd85501b.png,4.0,27533,3297,39,262144,9990,30083,36288,52210,11671,43769,143113,197164,27907,2546,77
UQ_new_8f7581b39724de06a36a675ee60e089bdd85501b.png,4.5,27533,3297,39,262144,9569,29856,36254,52042,13504,50047,138687,194329,36018,3477,90
UQ_new_8f7581b39724de06a36a675ee60e089bdd85501b.png,5.0,27533,3297,39,262144,9059,29520,36164,51736,15474,58820,132322,191193,46761,4630,115
UQ_new_8f7581b39724de06a36a675ee60e089bdd85501b.png,5.5,27533,3297,39,262144,8434,29068,35961,51201,17555,70757,123533,187779,60779,6209,152
UQ_new_8f7581b39724de06a36a675ee60e089bdd85501b.png,6.0,27533,3297,39,262144,7665,28439,35636,50372,20123,86603,111796,183654,79193,8318,186
UQ_new_8f7581b39724de06a36a675ee60e089bdd85501b.png,6.5,27533,3297,39,262144,6706,27604,35086,49142,22573,108920,94822,179435,103960,10781,125
UQ_new_8f7581b39724de06a36a675ee60e089bdd85501b.png,7.0,27533,3297,39,262144,5571,26785,34231,47644,24253,133702,76129,175973,130422,12302,99
UQ_new_8f7581b39724de06a36a675ee60e089bdd85501b.png,7.5,27533,3297,39,262144,4418,26058,32988,46185,25549,158775,56472,173843,156791,13270,50
UQ_new_8f7581b39724de06a36a675ee60e089bdd85501b.png,8.0,27533,3297,39,262144,3431,25349,31385,44733,26641,181703,38595,172451,180811,13166,29
UQ_new_8f7e898df5a80f3337956bae8e60417ff051d882.png,-2.0,967,111,6,262144,119433,145551,0,0,0,1403,115470,142431,436,67,6
UQ_new_8f7e898df5a80f3337956bae8e60417ff051d882.png,-1.5,967,111,6,262144,119395,145551,0,0,0,1649,115411,142282,682,104,9
UQ_new_8f7e898df5a80f3337956bae8e60417ff051d882.png,-1.0,967,111,6,262144,119343,145551,0,0,0,1975,115346,142073,1008,156,14
UQ_new_8f7e898df5a80f3337956bae8e60417ff051d882.png,-0.5,967,111,6,262144,119261,145551,0,0,0,2389,115272,141815,1422,206,15
UQ_new_8f7e898df5a80f3337956bae8e60417ff051d882.png,0.0,967,111,6,262144,119162,145549,0,0,0,2815,115204,141558,1848,242,13
UQ_new_8f7e898df5a80f3337956bae8e60417ff051d882.png,0.5,967,111,6,262144,118995,145537,0,0,0,3326,115132,141298,2359,309,16
UQ_new_8f7e898df5a80f3337956bae8e60417ff051d882.png,1.0,967,111,6,262144,118784,145517,0,0,0,4025,114994,140968,3058,400,17
UQ_new_8f7e898df5a80f3337956bae8e60417ff051d882.png,1.5,967,111,6,262144,118519,145482,0,0,0,4717,114875,140695,3750,467,18
UQ_new_8f7e898df5a80f3337956bae8e60417ff051d882.png,2.0,967,111,6,262144,118197,145451,0,0,0,5497,114729,140414,4530,534,17
UQ_new_8f7e898df5a80f3337956bae8e60417ff051d882.png,2.5,967,111,6,262144,117859,145415,0,0,0,6221,114566,140227,5254,565,21
UQ_new_8f7e898df5a80f3337956bae8e60417ff051d882.png,3.0,967,111,6,262144,117423,145362,0,0,0,7255,114286,139962,6288,670,37
UQ_new_8f7e898df5a80f3337956bae8e60417ff051d882.png,3.5,967,111,6,262144,116925,145311,0,0,0,8511,113954,139587,7544,800,36
UQ_new_8f7e898df5a80f3337956bae8e60417ff051d882.png,4.0,967,111,6,262144,116330,145253,0,0,0,10099,113452,139154,9132,1008,45
UQ_new_8f7e898df5a80f3337956bae8e60417ff051d882.png,4.5,967,111,6,262144,115585,145176,0,0,0,12303,112756,138468,11336,1294,63
UQ_new_8f7e898df5a80f3337956bae8e60417ff051d882.png,5.0,967,111,6,262144,114649,145087,0,0,6,15354,111869,137323,14393,1772,85
UQ_new_8f7e898df5a80f3337956bae8e60417ff051d882.png,5.5,967,111,6,262144,113413,144953,0,0,102,19688,110405,135727,18823,2422,113
UQ_new_8f7e898df5a80f3337956bae8e60417ff051d882.png,6.0,967,111,6,262144,111898,144711,0,0,346,25855,107567,133911,25234,3525,145
UQ_new_8f7e898df5a80f3337956bae8e60417ff051d882.png,6.5,967,111,6,262144,110013,144389,0,0,522,34596,102644,132124,34151,4944,156
UQ_new_8f7e898df5a80f3337956bae8e60417ff051d882.png,7.0,967,111,6,262144,107649,143882,0,0,653,45544,96333,130227,45230,6501,191
UQ_new_8f7e898df5a80f3337956bae8e60417ff051d882.png,7.5,967,111,6,262144,104890,143328,0,0,734,58244,88350,128742,58011,8001,193
UQ_new_8f7e898df5a80f3337956bae8e60417ff051d882.png,8.0,967,111,6,262144,101374,142616,0,0,805,72279,79764,127450,72117,9928,201
UQ_new_8ff5ff7acb495743f14e7c96934cb678e2ba4a33.png,-2.0,32599,3404,35,262144,7213,21599,54842,73843,4518,33094,136249,192930,5013,696,22
UQ_new_8ff5ff7acb495743f14e7c96934cb678e2ba4a33.png,-1.5,32599,3404,35,262144,7212,21575,54842,73843,5446,33370,135984,192016,6217,815,19
UQ_new_8ff5ff7acb495743f14e7c96934cb678e2ba4a33.png,-1.0,32599,3404,35,262144,7209,21549,54842,73841,6527,33748,135635,190937,7676,959,21
UQ_new_8ff5ff7acb495743f14e7c96934cb678e2ba4a33.png,-0.5,32599,3404,35,262144,7206,21514,54842,73834,7462,34260,135161,190009,9123,1036,27
UQ_new_8ff5ff7acb495743f14e7c96934cb678e2ba4a33.png,0.0,32599,3404,35,262144,7204,21472,54837,73823,8512,34928,134553,188959,10841,1206,39
UQ_new_8ff5ff7acb495743f14e7c96934cb678e2ba4a33.png,0.5,32599,3404,35,262144,7200,21431,54833,73808,9750,35900,133634,187732,13051,1411,36
UQ_new_8ff5ff7acb495743f14e7c96934cb678e2ba4a33.png,1.0,32599,3404,35,262144,7196,21367,54814,73795,10965,37371,132265,186515,15737,1625,34
UQ_new_8ff5ff7acb495743f14e7c96934cb678e2ba4a33.png,1.5,32599,3404,35,262144,7192,21284,54789,73781,12206,38965,130805,185266,18572,1792,40
UQ_new_8ff5ff7acb495743f14e7c96934cb678e2ba4a33.png,2.0,32599,3404,35,262144,7183,21224,54751,73760,13527,40905,129079,183859,21833,2083,47
UQ_new_8ff5ff7acb495743f14e7c96934cb678e2ba4a33.png,2.5,32599,3404,35,262144,7175,21105,54670,73738,14865,43396,126926,182413,25662,2447,49
UQ_new_8ff5ff7acb495743f14e7c96934cb678e2ba4a33.png,3.0,32599,3404,35,262144,7148,20919,54587,73707,16154,46399,124392,180982,29954,2810,50
UQ_new_8ff5ff7acb495743f14e7c96934cb678e2ba4a33.png,3.5,32599,3404,35,262144,7096,20706,54474,73628,17503,50106,121349,179426,35010,3192,67
UQ_new_8ff5ff7acb495743f14e7c96934cb678e2ba4a33.png,4.0,32599,3404,35,262144,7012,20438,54284,73501,18851,55136,117399,177667,41388,3905,68
UQ_new_8ff5ff7acb495743f14e7c96934cb678e2ba4a33.png,4.5,32599,3404,35,262144,6927,20093,53969,73320,20434,61846,112190,175509,49681,4792,83
UQ_new_8ff5ff7acb495743f14e7c96934cb678e2ba4a33.png,5.0,32599,3404,35,262144,6818,19553,53275,73014,22170,69959,106509,172990,59530,5707,92
UQ_new_8ff5ff7acb495743f14e7c96934cb678e2ba4a33.png,5.5,32599,3404,35,262144,6631,18988,52170,72472,23803,80243,99757,170224,71447,6795,131
UQ_new_8ff5ff7acb495743f14e7c96934cb678e2ba4a33.png,6.0,32599,3404,35,262144,6354,18425,50340,71714,25479,94575,90723,166678,87455,8572,169
UQ_new_8ff5ff7acb495743f14e7c96934cb678e2ba4a33.png,6.5,32599,3404,35,262144,5973,17765,47391,70942,27064,113464,79148,162541,107929,10708,163
UQ_new_8ff5ff7acb495743f14e7c96934cb678e2ba4a33.png,7.0,32599,3404,35,262144,5508,17019,43843,70245,28496,136198,64762,158217,132095,12179,100
UQ_new_8ff5ff7acb495743f14e7c96934cb678e2ba4a33.png,7.5,32599,3404,35,262144,4902,16273,40011,69610,29950,159048,49790,154704,156399,13398,68
UQ_new_8ff5ff7acb495743f14e7c96934cb678e2ba4a33.png,8.0,32599,3404,35,262144,4205,15498,35626,69079,31251,182398,34333,151898,181050,14512,42
UQ_new_9c56984c0925c6190370652886d4e85636a3e449.png,-2.0,0,0,0,262144,3452,9676,0,0,0,0,252468,258692,0,0,0
UQ_new_9c56984c0925c6190370652886d4e85636a3e449.png,-1.5,0,0,0,262144,3452,9676,0,0,0,0,252468,258692,0,0,0
UQ_new_9c56984c0925c6190370652886d4e85636a3e449.png,-1.0,0,0,0,262144,3452,9676,0,0,0,0,252468,258692,0,0,0
UQ_new_9c56984c0925c6190370652886d4e85636a3e449.png,-0.5,0,0,0,262144,3452,9676,0,0,0,0,252468,258692,0,0,0
UQ_new_9c56984c0925c6190370652886d4e85636a3e449.png,0.0,0,0,0,262144,3452,9676,0,0,0,0,252468,258692,0,0,0
UQ_new_9c56984c0925c6190370652886d4e85636a3e449.png,0.5,0,0,0,262144,3452,9676,0,0,0,0,252468,258692,0,0,0
UQ_new_9c56984c0925c6190370652886d4e85636a3e449.png,1.0,0,0,0,262144,3452,9676,0,0,0,0,252468,258692,0,0,0
UQ_new_9c56984c0925c6190370652886d4e85636a3e449.png,1.5,0,0,0,262144,3452,9676,0,0,0,0,252468,258692,0,0,0
UQ_new_9c56984c0925c6190370652886d4e85636a3e449.png,2.0,0,0,0,262144,3452,9676,0,0,0,0,252468,258692,0,0,0
UQ_new_9c56984c0925c6190370652886d4e85636a3e449.png,2.5,0,0,0,262144,3452,9676,0,0,0,0,252468,258692,0,0,0
UQ_new_9c56984c0925c6190370652886d4e85636a3e449.png,3.0,0,0,0,262144,3452,9676,0,0,0,0,252468,258692,0,0,0
UQ_new_9c56984c0925c6190370652886d4e85636a3e449.png,3.5,0,0,0,262144,3452,9676,0,0,0,46,252443,258671,46,14,4
UQ_new_9c56984c0925c6190370652886d4e85636a3e449.png,4.0,0,0,0,262144,3452,9676,0,0,0,241,252328,258591,241,64,7
UQ_new_9c56984c0925c6190370652886d4e85636a3e449.png,4.5,0,0,0,262144,3438,9676,0,0,0,631,252052,258491,631,104,11
UQ_new_9c56984c0925c6190370652886d4e85636a3e449.png,5.0,0,0,0,262144,3415,9676,0,0,0,1287,251546,258364,1287,223,19
UQ_new_9c56984c0925c6190370652886d4e85636a3e449.png,5.5,0,0,0,262144,3365,9672,0,0,0,2664,250410,258177,2664,416,41
UQ_new_9c56984c0925c6190370652886d4e85636a3e449.png,6.0,0,0,0,262144,3259,9628,0,0,0,6239,247390,257772,6239,1018,77
UQ_new_9c56984c0925c6190370652886d4e85636a3e449.png,6.5,0,0,0,262144,3005,9544,0,0,0,14124,240603,257012,14124,2127,104
UQ_new_9c56984c0925c6190370652886d4e85636a3e449.png,7.0,0,0,0,262144,2584,9380,0,0,0,26115,230090,256119,26115,3312,123
UQ_new_9c56984c0925c6190370652886d4e85636a3e449.png,7.5,0,0,0,262144,2113,9154,0,0,0,41940,215824,255257,41940,5022,123
UQ_new_9c56984c0925c6190370652886d4e85636a3e449.png,8.0,0,0,0,262144,1654,8940,0,0,0,60510,198803,254381,60510,6497,131
UQ_new_9c84dac7433c4fb821961ae83f76234258d4addd.png,-2.0,0,0,0,262144,203869,218026,0,0,0,0,44118,58275,0,0,0
UQ_new_9c84dac7433c4fb821961ae83f76234258d4addd.png,-1.5,0,0,0,262144,203869,218026,0,0,0,0,44118,58275,0,0,0
UQ_new_9c84dac7433c4fb821961ae83f76234258d4addd.png,-1.0,0,0,0,262144,203869,218021,0,0,0,10,44113,58275,10,6,2
UQ_new_9c84dac7433c4fb821961ae83f76234258d4addd.png,-0.5,0,0,0,262144,203869,218013,0,0,0,23,44108,58275,23,13,1
UQ_new_9c84dac7433c4fb821961ae83f76234258d4addd.png,0.0,0,0,0,262144,203868,218000,0,0,0,43,44104,58273,43,12,2
UQ_new_9c84dac7433c4fb821961ae83f76234258d4addd.png,0.5,0,0,0,262144,203847,217992,0,0,0,93,44094,58262,93,30,4
UQ_new_9c84dac7433c4fb821961ae83f76234258d4addd.png,1.0,0,0,0,262144,203808,217981,0,0,0,178,44077,58244,178,35,2
UQ_new_9c84dac7433c4fb821961ae83f76234258d4addd.png,1.5,0,0,0,262144,203741,217970,0,0,0,281,44068,58228,281,49,2
UQ_new_9c84dac7433c4fb821961ae83f76234258d4addd.png,2.0,0,0,0,262144,203621,217962,0,0,0,444,44055,58206,444,76,7
UQ_new_9c84dac7433c4fb821961ae83f76234258d4addd.png,2.5,0,0,0,262144,203444,217950,0,0,0,744,44033,58117,744,132,8
UQ_new_9c84dac7433c4fb821961ae83f76234258d4addd.png,3.0,0,0,0,262144,203261,217944,0,0,0,1116,43964,58003,1116,153,10
UQ_new_9c84dac7433c4fb821961ae83f76234258d4addd.png,3.5,0,0,0,262144,203017,217940,0,0,0,1573,43866,57892,1573,208,10
UQ_new_9c84dac7433c4fb821961ae83f76234258d4addd.png,4.0,0,0,0,262144,202710,217934,0,0,0,2214,43703,57727,2214,296,21
UQ_new_9c84dac7433c4fb821961ae83f76234258d4addd.png,4.5,0,0,0,262144,202118,217911,0,0,0,3507,43336,57416,3507,532,50
UQ_new_9c84dac7433c4fb821961ae83f76234258d4addd.png,5.0,0,0,0,262144,201133,217834,0,0,0,5654,42630,57037,5654,845,49
UQ_new_9c84dac7433c4fb821961ae83f76234258d4addd.png,5.5,0,0,0,262144,199670,217765,0,0,0,8331,41742,56780,8331,1166,48
UQ_new_9c84dac7433c4fb821961ae83f76234258d4addd.png,6.0,0,0,0,262144,197900,217668,0,0,0,11413,40793,56514,11413,1539,68
UQ_new_9c84dac7433c4fb821961ae83f76234258d4addd.png,6.5,0,0,0,262144,195819,217514,0,0,0,15049,39836,56070,15049,2064,109
UQ_new_9c84dac7433c4fb821961ae83f76234258d4addd.png,7.0,0,0,0,262144,193236,217251,0,0,0,20041,38355,55405,20041,2998,160
UQ_new_9c84dac7433c4fb821961ae83f76234258d4addd.png,7.5,0,0,0,262144,189550,216792,0,0,0,27498,35970,54478,27498,4260,192
UQ_new_9c84dac7433c4fb821961ae83f76234258d4addd.png,8.0,0,0,0,262144,183978,216185,0,0,0,37863,32816,53446,37863,5936,235
UQ_new_9d829ed4a8215a30599009896347bb2d3008212f.png,-2.0,0,0,0,262144,133594,149362,0,0,0,0,112782,128550,0,0,0
UQ_new_9d829ed4a8215a30599009896347bb2d3008212f.png,-1.5,0,0,0,262144,133594,149362,0,0,0,0,112782,128550,0,0,0
UQ_new_9d829ed4a8215a30599009896347bb2d3008212f.png,-1.0,0,0,0,262144,133594,149362,0,0,0,0,112782,128550,0,0,0
UQ_new_9d829ed4a8215a30599009896347bb2d3008212f.png,-0.5,0,0,0,262144,133594,149362,0,0,0,0,112782,128550,0,0,0
UQ_new_9d829ed4a8215a30599009896347bb2d3008212f.png,0.0,0,0,0,262144,133594,149362,0,0,0,0,112782,128550,0,0,0
UQ_new_9d829ed4a8215a30599009896347bb2d3008212f.png,0.5,0,0,0,262144,133594,149362,0,0,0,0,112782,128550,0,0,0
UQ_new_9d829ed4a8215a30599009896347bb2d3008212f.png,1.0,0,0,0,262144,133594,149362,0,0,0,0,112782,128550,0,0,0
UQ_new_9d829ed4a8215a30599009896347bb2d3008212f.png,1.5,0,0,0,262144,133594,149362,0,0,0,4,112781,128547,4,4,1
UQ_new_9d829ed4a8215a30599009896347bb2d3008212f.png,2.0,0,0,0,262144,133592,149362,0,0,0,22,112769,128543,22,7,1
UQ_new_9d829ed4a8215a30599009896347bb2d3008212f.png,2.5,0,0,0,262144,133586,149362,0,0,0,47,112753,128540,47,10,2
UQ_new_9d829ed4a8215a30599009896347bb2d3008212f.png,3.0,0,0,0,262144,133573,149359,0,0,0,83,112733,128540,83,14,3
UQ_new_9d829ed4a8215a30599009896347bb2d3008212f.png,3.5,0,0,0,262144,133564,149356,0,0,0,119,112710,128539,119,22,3
UQ_new_9d829ed4a8215a30599009896347bb2d3008212f.png,4.0,0,0,0,262144,133545,149346,0,0,0,222,112641,128534,222,48,7
UQ_new_9d829ed4a8215a30599009896347bb2d3008212f.png,4.5,0,0,0,262144,133520,149340,0,0,0,537,112363,128528,537,113,13
UQ_new_9d829ed4a8215a30599009896347bb2d3008212f.png,5.0,0,0,0,262144,133445,149319,0,0,0,1079,111924,128521,1079,185,18
UQ_new_9d829ed4a8215a30599009896347bb2d3008212f.png,5.5,0,0,0,262144,133297,149301,0,0,0,2209,111055,128426,2209,393,35
UQ_new_9d829ed4a8215a30599009896347bb2d3008212f.png,6.0,0,0,0,262144,133085,149265,0,0,0,3984,109629,128325,3984,600,30
UQ_new_9d829ed4a8215a30599009896347bb2d3008212f.png,6.5,0,0,0,262144,132808,149226,0,0,0,5921,108156,128177,5921,823,51
UQ_new_9d829ed4a8215a30599009896347bb2d3008212f.png,7.0,0,0,0,262144,132371,149153,0,0,0,8625,106219,127920,8625,1327,89
UQ_new_9d829ed4a8215a30599009896347bb2d3008212f.png,7.5,0,0,0,262144,131665,148993,0,0,0,12806,103318,127506,12806,2256,159
UQ_new_9d829ed4a8215a30599009896347bb2d3008212f.png,8.0,0,0,0,262144,130441,148726,0,0,0,19340,98971,126810,19340,3694,218
UQ_new_9f182e173c73ea0d8b22c7013baa6cbb5b240bc9.png,-2.0,471,59,2,262144,160824,211204,0,0,0,4030,50482,97748,3559,264,7
UQ_new_9f182e173c73ea0d8b22c7013baa6cbb5b240bc9.png,-1.5,471,59,2,262144,160673,211204,0,0,0,4474,50482,97455,4003,283,7
UQ_new_9f182e173c73ea0d8b22c7013baa6cbb5b240bc9.png,-1.0,471,59,2,262144,160521,211204,0,0,0,4901,50482,97180,4430,306,10
UQ_new_9f182e173c73ea0d8b22c7013baa6cbb5b240bc9.png,-0.5,471,59,2,262144,160322,211204,0,0,1,5426,50476,96859,4956,365,16
UQ_new_9f182e173c73ea0d8b22c7013baa6cbb5b240bc9.png,0.0,471,59,2,262144,159995,211204,0,0,8,6252,50432,96397,5789,473,17
UQ_new_9f182e173c73ea0d8b22c7013baa6cbb5b240bc9.png,0.5,471,59,2,262144,159650,211204,0,0,16,7130,50394,95894,6675,533,15
UQ_new_9f182e173c73ea0d8b22c7013baa6cbb5b240bc9.png,1.0,471,59,2,262144,159189,211204,0,0,31,8134,50338,95392,7694,626,19
UQ_new_9f182e173c73ea0d8b22c7013baa6cbb5b240bc9.png,1.5,471,59,2,262144,158636,211204,0,0,51,9263,50282,94852,8843,721,24
UQ_new_9f182e173c73ea0d8b22c7013baa6cbb5b240bc9.png,2.0,471,59,2,262144,157959,211204,0,0,76,10612,50182,94255,10217,882,24
UQ_new_9f182e173c73ea0d8b22c7013baa6cbb5b240bc9.png,2.5,471,59,2,262144,157164,211202,0,0,95,12319,50022,93486,11943,1081,32
UQ_new_9f182e173c73ea0d8b22c7013baa6cbb5b240bc9.png,3.0,471,59,2,262144,156211,211200,0,0,116,14543,49759,92459,14188,1306,34
UQ_new_9f182e173c73ea0d8b22c7013baa6cbb5b240bc9.png,3.5,471,59,2,262144,155019,211197,0,0,144,16978,49526,91424,16651,1615,39
UQ_new_9f182e173c73ea0d8b22c7013baa6cbb5b240bc9.png,4.0,471,59,2,262144,153586,211193,0,0,189,19913,49152,90255,19631,1903,44
UQ_new_9f182e173c73ea0d8b22c7013baa6cbb5b240bc9.png,4.5,471,59,2,262144,151847,211184,0,0,230,23634,48658,88735,23393,2268,52
UQ_new_9f182e173c73ea0d8b22c7013baa6cbb5b240bc9.png,5.0,471,59,2,262144,149730,211165,0,0,266,28461,47990,86676,28256,2969,81
UQ_new_9f182e173c73ea0d8b22c7013baa6cbb5b240bc9.png,5.5,471,59,2,262144,146979,211139,0,0,302,34882,47070,83916,34713,3957,99
UQ_new_9f182e173c73ea0d8b22c7013baa6cbb5b240bc9.png,6.0,471,59,2,262144,143695,211094,0,0,323,43333,45585,80258,43185,5111,132
UQ_new_9f182e173c73ea0d8b22c7013baa6cbb5b240bc9.png,6.5,471,59,2,262144,139305,211024,0,0,348,53862,43507,76242,53739,6556,209
UQ_new_9f182e173c73ea0d8b22c7013baa6cbb5b240bc9.png,7.0,471,59,2,262144,133638,210881,0,0,371,67898,40031,71469,67798,8421,210
UQ_new_9f182e173c73ea0d8b22c7013baa6cbb5b240bc9.png,7.5,471,59,2,262144,126218,210725,0,0,403,85164,35084,66694,85096,10294,186
UQ_new_9f182e173c73ea0d8b22c7013baa6cbb5b240bc9.png,8.0,471,59,2,262144,117220,210573,0,0,431,104548,29222,62294,104508,11846,168
UQ_new_a18214d4bcfff3f50dcd5c8e56dbf5e1f97ce634.png,-2.0,8095,730,17,262144,7092,13044,10567,12245,960,8485,228473,243422,1350,137,6
UQ_new_a18214d4bcfff3f50dcd5c8e56dbf5e1f97ce634.png,-1.5,8095,730,17,262144,7092,13044,10567,12243,1069,8659,228299,243315,1633,158,7
UQ_new_a18214d4bcfff3f50dcd5c8e56dbf5e1f97ce634.png,-1.0,8095,730,17,262144,7092,13044,10567,12242,1169,8864,228094,243216,1938,164,7
UQ_new_a18214d4bcfff3f50dcd5c8e56dbf5e1f97ce634.png,-0.5,8095,730,17,262144,7092,13044,10567,12237,1307,9121,227837,243083,2333,203,10
UQ_new_a18214d4bcfff3f50dcd5c8e56dbf5e1f97ce634.png,0.0,8095,730,17,262144,7092,13044,10567,12235,1500,9416,227543,242891,2821,239,10
UQ_new_a18214d4bcfff3f50dcd5c8e56dbf5e1f97ce634.png,0.5,8095,730,17,262144,7092,13043,10567,12229,1687,9759,227207,242704,3351,265,9
UQ_new_a18214d4bcfff3f50dcd5c8e56dbf5e1f97ce634.png,1.0,8095,730,17,262144,7092,13042,10567,12226,1888,10172,226797,242504,3965,362,15
UQ_new_a18214d4bcfff3f50dcd5c8e56dbf5e1f97ce634.png,1.5,8095,730,17,262144,7092,13040,10566,12218,2179,10832,226145,242216,4916,439,15
UQ_new_a18214d4bcfff3f50dcd5c8e56dbf5e1f97ce634.png,2.0,8095,730,17,262144,7090,13036,10566,12211,2466,11607,225379,241933,5978,490,15
UQ_new_a18214d4bcfff3f50dcd5c8e56dbf5e1f97ce634.png,2.5,8095,730,17,262144,7089,13032,10562,12198,2727,12543,224469,241668,7175,548,17
UQ_new_a18214d4bcfff3f50dcd5c8e56dbf5e1f97ce634.png,3.0,8095,730,17,262144,7084,13024,10562,12185,3037,13588,223457,241351,8530,610,20
UQ_new_a18214d4bcfff3f50dcd5c8e56dbf5e1f97ce634.png,3.5,8095,730,17,262144,7082,12999,10555,12174,3308,14889,222202,241079,10102,690,26
UQ_new_a18214d4bcfff3f50dcd5c8e56dbf5e1f97ce634.png,4.0,8095,730,17,262144,7065,12970,10543,12155,3584,16538,220638,240795,12027,824,34
UQ_new_a18214d4bcfff3f50dcd5c8e56dbf5e1f97ce634.png,4.5,8095,730,17,262144,7055,12907,10529,12140,3901,18860,218430,240466,14666,1113,40
UQ_new_a18214d4bcfff3f50dcd5c8e56dbf5e1f97ce634.png,5.0,8095,730,17,262144,7022,12806,10502,12116,4274,22047,215461,240060,18226,1485,48
UQ_new_a18214d4bcfff3f50dcd5c8e56dbf5e1f97ce634.png,5.5,8095,730,17,262144,6947,12689,10464,12065,4727,26531,211368,239497,23163,1898,68
UQ_new_a18214d4bcfff3f50dcd5c8e56dbf5e1f97ce634.png,6.0,8095,730,17,262144,6795,12475,10381,11970,5222,33054,205576,238815,30181,2809,106
UQ_new_a18214d4bcfff3f50dcd5c8e56dbf5e1f97ce634.png,6.5,8095,730,17,262144,6476,12121,10243,11856,5691,43186,196885,237830,40782,4109,100
UQ_new_a18214d4bcfff3f50dcd5c8e56dbf5e1f97ce634.png,7.0,8095,730,17,262144,5993,11847,10009,11691,6082,56151,185616,236899,54138,5471,115
UQ_new_a18214d4bcfff3f50dcd5c8e56dbf5e1f97ce634.png,7.5,8095,730,17,262144,5355,11538,9689,11501,6438,71669,172062,236036,70012,6702,116
UQ_new_a18214d4bcfff3f50dcd5c8e56dbf5e1f97ce634.png,8.0,8095,730,17,262144,4467,11158,9287,11322,6762,91105,154816,235371,89772,8394,113
